313

Antoniuskirehe in 31111129.

3111 53.

Antonius, commissiir 1111111111111 Barnabas, der 111. 94.

-11111111111111 41. 61.

31111 6 1. 1211. 18. 231. 235. 237.
Basilius, orden (111111. 80. 131. 202.

-— de Mugnsno, guard. v. berge 11111111111111111111219.

Sion 129.
— de Regnis, guard. v. berge Sion
-presbyter 60 1.
- obgefellener 111111111111 129.
1111111114611.
apostelbrunnen 119. 170.
Apulien 58. 79.
1111111157.
Arober 132. 148. 163195. 13711.
2031. 299 ff. 213 ff. 239.
1113111 86.
11111111 (kloster) 206 ff.
1111111111 11111196.
1111111111, Jos. r. 283.
Ariarathes 105. 112.
1111111180.
1111111317.

Armenios 33. 133. 1331431. 146.
148. 165. 274. 280. 285. 3051.
11111111, 11111111111111111111 1.

Arsinoe 215.

Artes (111111) 186.

11111111 297.

1111193.

1111111278.

iussere, Joh. v. 67 1.

Augsburg 30.

1131111111 2. 78. 87. 95. 298. 302.
1111111111 86.

3111 134.

3111111111 39, 100. 232 ff.

Bejesid Ii. 58. 74. 225.

belsam 1111111111111111 21811. 229.
belsemgerten 217 ff.

3111111111, 31111111111181111 1281.
3111111111 6. 6211 67.

1111111111, 311111111111111011 137.

311111, 0111111 v. 187. 207. 249.
Beyern, Ludwig 1. 66 f. 120.
Beck, 01111. 61.

3181111111) 180.

3111111 XIII. 21. 103. 237. 253. 255.
260. 309.

3111111111 18. 57.

311111111111 531.

Bernherd 01111125.

-111111, 25.

311111111111, 1111111 15.

3111111111, graf 301.

31111111154.

31111111 161.

- Dsohihrin 100.

3111111111 119. 121. 1371. 161. 170.

3111111· 102.

Bethlehem 54. 118. 133135. 137.
1501. 1631. 173. 185 f. 189, 292.
geburtsirirohe 133 1. 137. 2921.

geburtsgrotte 1331. 163. 135.
189. 292.

krippe 185. 232.

111 der besehneidung 133. 185.

111 der enbeiong der 11111111
kbnige 133.

bereitung der gesohsnke 135. 192.

111111 111111111111 292.

grob der 1111111111. 11111111 133.
185. 292.

grob des hl. Hieronymus 133.
185. 293.

kloster des hl. Hieronymus 118.
132 ff. 163. 293. 309.

1111111111 163. 185.

engel 1111111111 Joseph 185.

 

