526

7181 551558 558515; vergi. oben zu 1473 5555179931115558
11 555 155851555 551 5518155.

7203 8115511 585 55555, li=Yvon 55 1155515.

7233 558555, 185 55515 518 55555555811155555 zu 555558.

7335 De l'aigle d’or; vollstandig 511555 58 5516555 055 55
5551 gaing 5515515155 55 portes, 51 55555151515555, 55531. Γ15515»,
Verm. Β5155. 5. 5.

7396 555;5ε1155.

7469 De vous veoir; 555 15551515 555 5588155 boulanium
vergi, oben ιιι 88.

7474 518 185 5511511555, 5588 85155555 gar 51555 55555555 555
55 5555 555515 515 5551515 genehen 5555.

7515 155 85555; 155, 55551155 5155155 555 55555115.

7560 Κ5 teus 55 55 55 XX. 55 plus 558555; 558558 155 555-
5155515 ιι 5558, 55 XX. 55 5158155 5515555555 participium 5555555
1155555855 ,555 155585555155 5551 55551. 555155, 175555. Boin„
5. 128 555 9558555, 055551. ι5 11494.

7590 Tantaiait 15155 55 55555155 55 palis ; 5555511555 555 i

55555515115 5555 5558555, 055551. ι5 6607.

7609 55515ςί55558 li 5551515158 A; 555555 5555855511555 BD f

li capelains3 5555 5555 558 5555155 51555 5155515 zu 8515, 5555 5555-
1155 85555 5155555558 7862, 5588 11555 555 titel 555551515 hatte,
555 558 7700 ig. geht 555555, 5585 51551155 11555 (555 51555
1155155555) 555 85155555 515 5555515555 555 11155555 555 1555
5555555551 515555 5555555555 555555.

7620 0555151515555 Β; 555515 51 jou A, 5511855 555 555·

15555558 515 855555, 55555 5155 81155 zu 5151.

7716 55 551 mii 55551155; vergi. 11558555, Aioi zu 50.

7745 11515 11, 11, 55551155 558518 555 55155 55155155.

7768 55 51555 55 55 551155, 185 vom gesammten 5555555155
,5555555581 518 genet. 5555151558 55555515.

. 7785 515 81 entier blason, 5. 5. 55 5555555555 515 wir 5555
5585555 855115 55555.

7841 8515555555 55 55 55551 5515155; 8551555 155 185558, 85
1555555185551555555 55151551855555115515 zum object3 5585 555
51555551555555 sagi, irotzdem Ysores ι5551 55585 151555 ,5151ιι ge*
55555 5155, 185 51555 8511511555; 1555555 5555155555 515 5555558

855555, 515 1155558 558 dem, 555 515555 iiber iim gesagt 55555, j

 

