454

regelmfisnig 1111111 2111111 conj. 11111. pL 11111111 8054: eIne
analogiesonn hinnu 1111111 3930, 111111111111111111 111111 ‹1ae
imperativo, 11111111111111, 111 11111111113121 1111111111.
14. 111 11 111111 111111 611 neimo 111111 111111.
01111111111.

15. L 1111111111 11111111111111111111,111111 11111111 7917 ;111-
1111111 79181111111 7942 : 11111111 7943. 11111111 611 l in 11- l
-l-oonsonant:gentis 203, 216, 2052, 4411, 5189, 79081111 1118223
1111 11-1-1-111111111ε111 1641. Dans -111, 111, -111 1111111,
111611111111111111111111111, (111 111111 tranans 3087ι1111111
809οε11111111 309311111111111 111111 wie 1 1111111111, und
11111111 11 611 1111111 1111111111 1 1111111111111 11111111ςί11
1111 111 mal ι 111111 5574. 21111111111111111111111111 11111111-
gang 11111 1 in 111 1111111111 11111111, daher 11111111015, no-
11111018. Ι

16. R 1111111111 11111111111 war fast 111111, (11111111 1111-

111 1111 1131111111 596, 5345, large 602, 1173, 1193, 1240, 5336, ’

5355, 9196, 9216, cange 605, 1243, 1111111179,1190,9194,111ς1
1191, 1197, 1246, 11 11111111 1111 111111111748,3515,11131ω,
1111113508, 411111113516,1111 3517, darn 3518, essars 3533,
11111111 3534, 11 111111111611111111111111111 771, 1111111 111161
111 11111111 1111, 11111111 111 1111111, daher in einer 111111 111
1111111111 1489, 11111. 111111 1101111111 1468, 1705, 2388, 2390,
11 111111111111 11111 die 11111 cnidio 1496, 2070, 3893, vergl. 1111
1111118066, murs 1657.

17. Α1111111111111 111 11 1111 (1111) 828, 5129 1111111111,
dagegeu trois 3925, 7429, 1111111111 monvon 1931, 11111 1940,
1111111941, areston 2304, 11111112306, 1111111111 3821, 111112322,
1111111 4322.

18. 14s=z 1111111111 11111111 1111111111, 11111111111,
111111111 1116 11111111.

19. 11 111 1111111111 des ch 111111111611 k 11111 nh 11
ca siud auch (11111111111111111111111111111111111Α, Β111111111111
1111111111, auch 611 11111111111111111111111111111111111114682,
1111114684 11 111111111111111111, 111111 1111116586, blance
6587, 1111111511 bekannt und 11111 anderen von 11111111, 011-
111111 as .II. 811111, 1111111111111111111 worden.

20. 011111111111111111111111, 11111111111111111111111111,

 

