453

011111 LXI⁵ 143 der 661111 1611111161111116, 6111, 1116 16111161
161 Β und D 11116, 611116.

11. 11. Der 1161161 16111161 1116116 1111111611 6 und 16;
1161391, 61161413, 11161161421, 1161 431 ,1111111 949, 1111111
(16111. zeitschrift 1111 1611111616 Ρ111616116 Ι, 149) 951, 1166161969,
11113298, 611117469161116116111111111 mit 6; 611116 sind 116
161111161111 1111111111 839, 1111111 851,11111 3363 6116116111,
1111111161 772, 1111111116 7477, 111117503 111616116111 16111111;
11161 11116 16111. (11611111 161· Ζ6111611111111116111111116 Ρ11116-
16111 ΙΙ, 494, 36611111, 11611116611811111611, 693, 86611161.
11111111 XIII, Κ616111111,1161611116111144, elaris, seito 11411111,

8611111161 161 11111 111116111 16111111111116111, 1116 mie:
1111116116 16, 11616116 : 1111111116 23, 116616116 : 11111111 35,
1616116671 : 16116 : (1166111 680, 61116ε1111111116 683, 1611161111
111116 688, mie: 1116111 704, 161111 : 1111116116 710.

Suffix 111111 :ien 111111 11111116, 1116111-111 7505: Madi-
ien 7510 : 1111111161 7111 z 1161-161 7512 : 11661-161 7613.

Das Bartsoh'sche 161111 wird 61161161661161111.

12. 61. Die quellen 1111 61 11 11111611 1611111111 sind: 1) 111
(111. 1111), wie mortens 7917, 116611 7942; 2) 1 : 6611611611 7918,
1116111 (1161111) 79211111 (16116) 7932, 11111 7933, deus 7936,
11117937,1611 (11111) 7922; 3) 1111 6111 (11161) 7921, 7927, 7938
(1116161 6111111 4721); 4) 111116611611 7934, 161611 7940 ((11-
161616611115574, 16111111 3093, 10791); iiber 6111611, 111611,
1611111111111. Η611111, La 111116 61 11 11116111116 8111111161
111Κ. Bartsch, 16111 15.

13. 61. 1116 (116111161161 oi werden 161·1111611; 11 : 11 11161
11111111 161111611 111812εοί (audio) 817 : 1161 923, 161 (1116111)
5137 : 1161 5139 : 611161 5140; 1611 6241 : 11611 6242; 1611611 8045;
1611 8046; joie 636zsoie 638 ; 11111616; 1611 6413; 11ε61 : 11 11
eois 10074; 11611 10096;61611 10109, crois 43:lois 4911611 53.
111161161611 64216111. 01111116111826, 7, 16611111, 31111611111
fiir 1111116161111616 1111111111 1875, 11116 538 und Ph. Rossmann,
FranzIIsisches 61, [11111111 1882, 1611126.

11 1112 1111. 111. bald 611, bald 61161161142, 3926, 1111611
3935,116118059,1616119607; 6116111611 8042Α; 11116111 61161 1035,
1161161 1042, 16161111 1051, 1111111 1054, 16111 1064, 11614057,
1111614058, 111111614059116161614060,1611614231,111111111114245;

 

