443

11553555111155 Β, 1).

Es 155155 15 355 beiden handsehriften 315 verse 79 553 80,
471, 2341, 2391, 2447, 2613, 2830, 3225 515 3227, 4604, 4639,
5243, 5425, 5830, 6094, 6108, 6138, 6205, 6237, 6262, 6337, 6424,
3468, 6523, 6526, 6683, 6774, 6860, 6962, 7665, 8704, 8947, 9219,
9399, 9517, 9518, 9768, 9848, 10169, 10263 153 10270, 10347,
10473, 10610, 11376,11444,11454, 1145611468.

351355553555111155 55555 51555515555555 vorgenommen nach
vers 981, 1137, 1401, 3150, 5269, 5338, 5681, 5743, 5861, 6355,
6446, 6453, 6477, 6499, 7030, 7431, 7543, 7547, 8014, 8732, 0259,
9951,10304, 10658.

Β5135 555355511555 551155 im gegensatze zu 355 3511555 551-
sallendo iibereinstimmung 15 355 151555 27, 51, 53, 59, 89, 95,
106, 109, 141, 144, 214, 216, 233, 243, 297, 384, 395, 436, 469,
549, 591, 638, 657, 772, 773, 881, 923, 941, 1134, 1146, 1299,
1382, 1483, 1491, 1602, 1882, 1840, 1869, 1880, 1920,2114, 2229,
2259, 2266, 2327, 2383, 2418, 2511, 2512, 2516, 2568, 2824, 3371,
3554, 3616, 3680, 3754, 3870, 4089, 4121, 4272, 4284, 4541, 4587,
4737, 4755, 4817, 4847, 4863, 4905, 5103, 5112, 5113, 5127,5145,
5182, 5185, 5189, 5201, 5210, 5214, 5220, 5221, 5222, 5233, 5239,
5253, 5255, 5270, 5276, 5280, 5302, 5312, 5316, 5317, 5318, 5325,
5330, 5333, 5338, 5341, 5371, 5445, 5473, 5496, 5502, 5542, 5548,
5550, 5578, 5624, 5629, 5648, 5656, 5697, 5726, 5795, 5797, 5852,
5918, 5948, 5956, 5971, 5975, 5977, 6012, 6014, 6083, 6093, 6126,
6204, 6206, 6292, 6439, 6527, 6531, 6585, 6593, 6650, 6767 553
6768, 6771, 6776, 6832, 6850, 6917, 7437, 7829, 8248, 8429, 8760,
8762, 1012210338, 11103, 11123.

Η5535511111155 Β, Ε.

Es 1511155 15 355551555 315 15155 1920, 3225 515 3227, 3947,
4158, 4220, 4223.

Β5135 555355551155 551355 151 gegensatze zu 355 11511155 11551-
5155111551555 15 355 vernon 3071, 3282, 3656.

855355511555 D, Ε.

Es 1511155 in 355551555 315 verse 2795, 2804, 2829,3133,3155,
3286, 3437, 3438, 3491, 3776, 3777, 3796, 3800, 3864, 4176, 4177,
4308, 4328, 4402.

Β5135 555355551155 55555 51555515555355 vorgenommen 55511

wmmwmmffimmwm

 

