553

11111111·,11111111111,1111113111 10720.
1111111111, 11111311, 111. 1 pl. 1111-
1111111 3851; p. pf. 1111111111
219, 2474, 2897, 3487, 7273, 7939,
fem. 1111111111 2491, 4309, 11131
3111111131. 11111111, 01111111. LX.
11111111111111111, 11111111 4976.
1111111111, 11111 1111111111 6411,
6415 111 prus. 3 13. 1111111111.
1111111111, 1111111111, p¹ pf. 111-
1111117222 Β. ν
1111111111, 1111111111 45021528,
111111111, 1111111111, 1111111111111.
1 1311111111111 1840.
1111111111 3154; 11131. 1111111111.
1111111111, 1111111, 1111111113 7399;
1111111 11, 10808.
1111111, 111. 1111 111111 11302.
111111, 1111111111, 11111111119992.
1111111, 1111,1111111111 1135, 10972.
desertor, 1111111111 (111 31111111)
*3341 (von der religion) 9413 11 ;
(von einer 11111) 34121 11131.
11111111, 1111 11 2283 (1111111111).
(11111111, 1111111111, pras. 113111.
1111117479 Α, 111111 BD.
11111111111, 1111111113 6188.
(11111111, 111. 11111111 742, 110.
1113311111 51001 1111111111111,
faire 111. 8531.
111116, 11111113 167, 172, 2880, 4472,
0178 D. 6778, 7330. 7811.
1111111111, 11111111111111113 6182.
11111ο11111, 11111111ἰο111 11302 Β.
1111111113111, 1111111113111, 111
11111113 1111111111 7457, 8609.
desi, 111279,316; 1. 11111111 24861
d. 111 81931 1. 1113596, 1. a 4908,
6963.
1111111111, 11111111 429, 1060, 8818
0113 6972, 8429, 9384.
1111111111111 2121, 1111111111111
4010 1111111113.
11111111, 11111111 3232, 5224, 5237,
5477, 6920, 10027.

1111111111, 1111111111 1041.

1111111, 11111111 1170.

11111111, 1111111111, 11111111 0410;
[1. pf. (1111111, 111111111113868.
111111111111,1111111111111111111111

1213, 5679, 5863.

1111111111,11111111111 111111 8135,
3140, 10309.

1111111111, 11111111111111 12641
1111111111, 1111111111 10701.
1111111111, 11. vom 111111 111111

732210394.

111111111111, 1111111113 6590.

desere, 11111111119315, venir
d., 111311 10194; 11111, 111111,
Paris 11111 81111 9363.

1111111111, 1111111114388 Β, 7664
1110164.

1111111111, 1111111111 6544.

1111111111, 111111111111111 11248.

1111111111, 1111111111 3008, 3209,
4532, 5677, 6402.

11111111, 11111111 3779, 3350 111111.

11111111, 111111013754, 11131. 1711-
1111, 11111 zu 3779.

1111111111, 11111111 5920.

1111111111, »faire 1111111111 11111
parles armes« 2195; 1111111111
2214; 111 1111111111 nahmen 49143
vergl. 11011111, 21111111111 1111
61111. (1111111111 1874, 1. 144
und 14111 zu 466.

1111111, »111111 11 11131 3037,
42731 11111. 111116, 111111111
6826, 42341 111111. 8 13. 111. (111
1111111 6403, 64138; 11131. 161·
1111, 11111 zu 753; 11111111111,
1111111113 814, 822, 8102.

1111113111, 1111111 1111131111
1111111111 3614, 4813, 5206, 7115.

1111111111, 11111311, 1111111111

1111111111, 11111313. 111. 11111111
103091 perf. 1 13. 1111111111 8330;

p. 11111. 1111113111 101861 p.

 

