593

ir 3333131113, »peurereipfel 63333113, 3333, 33113, 63 3333, von-her 5686.
u 633333 6331333 633 333131133 333363, 31333, prendre 13 3. 2382,

r

14

umgebunden wird« 4401, 4835,
5046, 6318.

3 33313133, 6311333 4175, 6462, 8294.
3 33313333, 3313631333 4919, 8294.
gp ventre, du 3333 du 3. 9467 1)(1,
e 33331.11533133,1633331113333167.
, 3331331133, ev. 4556, 6478, e ven·
3,. 1311133 10491 Β.

3· 33313, 3313 6538, 6560, 8666, 9855,
, pru. 133. ind. voi 816, 3391,

3770, 2 veie 1753, 3 3311210, 1

, pl. 33333 7018, 2 3363 8875, 8

331331 1415, eonj. 3 33. 3313648

=· Δ, 131. 133. 3333316081, 2333-

3334937, 6086, 333333 1985, 6224,

3. 1 pl. 3333333 127, 5102, 2 333363,

1356, 4286, 9854, 3333313 3985,
perf. 133. 31520, 834, 4264,

s 4433, 5333, 5435 3, 5343, evera
ἱ eree vit 3333, 6019, 33334313
, 3335, 3 virent 1435, 3533, 3443,

imperf. eonj- 6 33. 33131 5952,

' 13333331. pl. 363 155, 8412, 4768,

33331. 1633133, 4131431428, 3363
3475, 3607, p. perf. 3311 5206, 6686.

3 333 (versus) 6.

33331 (33333333) 4430.
333613, 336333, 331113 1331313133
1556, 313333

, 33363133 2481, 2754, 11129.

333633, dee 331133 (eusdem 13363)
2777.

3333111133, 3333133313 4847, dher
333311 336 333311 33331. 1133133,
Aio] eu 2924.

333316, 3331331111 3830, 6697.

3333133, garten 6911, 9567, 333·
3133 9440.

33313311, 33113093.

, 3333331116 3870.

3333311133, 13131 en 3. 2983.
33331316, mit 13313 1113333333 1494,
3870 BD.

Anum 63 0331333

1313313 v. 6866 Β, 10133.

3333333331, prendre 3., eu boden
31113333 10328.

333333, 313 1133163333 4298.

3331, fem. verde 4322, 6719.

33316, (veritatem) 8521127, 3030,
33316 4505, 5065, 7703, 8186,
333116 848, 1127 30113333. 3331163
5434 ; 33331. 11633133, 6131 eu 305.

33313333,1361113 10028.

333311 (13333331 pl. 33333313, und
3333113), 313163 155.

333333, 31336 9877, 9998.

resque (episcopum) *133 11240,
11411, evesque 11386.

3331316, 11311333 183 B.

333113, p. perf. 33313 *85

revererentur 6443 Δ, 33363,

3333, 331133 301, 537, verene (errei-
311113) 212.

313133, 3331311 1785, 33331. 113333-
63, 2311313111 163 3333331313
3111313313 Vl 633.

3133 (vivacius) 770 D, 4376 1),
33331. oleris zu 270.

3133338228, 33331111331111.8 1440.

313133, 13. 116313 6145.

313333 (virginem) 4670, 9519, 313-
333313331311113) 6790, 313338.

3133 (vetus), 333333. 2885, 7288, 7982,
1023410957, 115218, fem. 7158,
33331. 1133133, 6131 eu 543.

viere (33133) 6985, fem. riele 6664,
6673, 6745.

313316, 3333131311 168, 9277, 31116
11497.

31133331, 363. 5262, 6598, 10669.

3111333133, 33131313116591.

313 (visum), 313 133 331 3138188,
3207.

313313111633, pl. 3111311433.

31131113, 131333361131 3333 Δ, 5702.

 

