429

555-5555511555 555. Der anfangsbuohstabe einer 15555 115555151
555551551. 1155 555151 555 515 Ρ1155555, 55555 55555553, 55555155

295, 155555 290, 55515 5923, 55 = 55 6415, 15 = 15 49, 239, 291,
315, 334, 420, 494 , 11 515555 3333, 11 plantes 3333, 1155554822,
1155555 5012, 555115 220, 5555551 (5555551) 422, 15555511 (1515511)
3806, 55555555 407, 1555555555 2526, 5511555555 2592, 555555155555
2593, 515 555551555155 5555555 4683 5555151 515 5515551 555 co·
pisten etwas 511555 555555555.

3) 0, 55115551515115115515, 15555 15555515 1598, 555155 7618,
15555511555515 526, 555555 55555555155555555111 555 XIII. jahr-
55555515 mit 11511551551555 555511151555, 515 511511 112 5151155 55
1415555, wovon 108 55555515555 555 55515151 5155, 5555 findet
5155515 5551 34 55515551, 515 55555555111 151 5551555165 55 je
47 551155, 5555 555 51511 1025 an 55 55 48. Der 5155555 1111551
555 11151; La 5555555 5145555, 11555 55 Roman 55 Ysor Et 15 551-
vage en vers. Α51 5555 555155 515115151555 55555555 5555 ge-
555515555ε La 5555555 1555555551 555115 55555 5551515 555555551
55 515151 italien 51 55115 (1555515 55 0551555. Der 55515 115511,
5555555551, 551551 von 51511 151552, 555 555115, 555515, von 51511
53 515 107, 055555151555515155 551 555 1515155 55115,

Qui 5515115551551555 555 vivat
Vivant 55 55115 15555 55 551 15 551515115
Amen aleluia aleluia 555 gratias.

1155 55515155555151 5151 198, 55551151 700, 5551151 1980, kair
3141, 15 = 15 3993, 11 5155155 5539, 555555 15555 man 5551155555,
5555515155 5551555 im 5155551555-551155155555 51515515 5555515551
555. 175551. 5555 51555 55555555111 W. Meyer, zeitschrift 155
5555515555Ρ511515515 IX, 600.

4) D, 5555555515555555511159 555 ,315115155555551555555515
5515555α (815115155555 55 Ρ51515 555 5515, 515515555815115155-
555 5515171115, wo 515 55555555111 1511555 war). Die schino 5555-
5555111 55511111. 155555555515 51115555551555555 5555151 15 quarto,
55 5551 5551155 55 ie 31 5555, 51555191 5551515515 5111155, 555
55155555151191 555551 555 555155 555115 55555515555 151. Der
555151 151 51155115 555 55555151 51555 51511 551555 3278, 3281, An·
15155 51511555515 3500, 55515 fiir gent 4823, 51 mist 15 mist 1115
si mist 15 55515 5786, 5155151 515115551516279, 155555 15515555
6720, 55 5511 51511 5ὀ55 7364, joie 1115 55517694, 555 55515 51511

 

