451

16116116161161111116116111161 11611111611 226ος 1111616111 findet
111111616161 111611111111111 1619, 1627, 111111114011, 11-
11118391. Fer 1161111111161 1111111611 -61 mit -en 111 161-
11161 silbe 16161161 11116116 6581, 1161116 6186 11 161-6116111116
6178 5116194 (111 1111111116 1221 11 161 16161111111161 -6 1111-
161161616 1209 111 1136) zu 11161161. Α11616116111 1111 61 6161
11616 11161111 11 611111611,1161611 1111, 16161 muse 1161 1111
11161 111 111111111111111111111 161111611111161111111161111111161
1 -1 n 111 6 1- 1 161161 1616111116161.

66111161 e. 3. De die beiden 1111111111111611611161 6 111
1111116116111161 1111, 111 116111611111111611116166 1116111161.

Β6111161 e. 4. 6, 6111166161611 6,161111 11 161 16161 111
mit 1161 161111; 161611611116161 161 1611111116 16 (deum) 888;
1616116611Ρ1616 (Petrum) 1767 ; 61611 (616111) 6383. 01161 161
reim 1611116111111111616116161 61111 5170, mel 1173, 16161
10413, 6111611161 10411; 611 6111611611 1111 116111117711161161111
1161161; 6161111611611174. 17111111 fiir 116 161111611111 161
1111611111 161 11111611 1111 116 161116 161611 10772 : 11611 10788 :
16111111 10791 : faus (111111) 10797 : 1111 (solides) 10781.

6611111111. 1. 1161111111611111111-1, 1616111 i· 11-
1116116116 201, pris 218, .X. 229, pie 262, 1611 103, parmi 1169,
pire 1031, 611 2049, 1111161111) 2887, 2891, 16111 1602; 61111036,
111 11014; 1116161 611111978,1980; 1161111116 637, 11161616 648,
11111116 612, 6111116 614; 6111177111 3 1111. 6111. 161 111161
1616111 11111 111 metrum 161111611111616. 7761611161116, 611116,
1611161111 161166, 11111 11111161 111 161116 111. 11 1111 111 16-

1616111111 161111 161111611161; 16111. 497, 1021033, 7141 1111123.

3111116111. 6. 1 11 -111 11611111161161161, 16161 6111114213,
16114226, 161111 4230; 1161611111111111), 1111 (placuit), 11 (11-
1111)11111111,611 1111111161 111 161116 111; pei (paucum) 1137;

mere 4211 : 1111 4217 : 111 (1ε11) 4223, 1111 111 11114116
161611 bore.

1161111661. 7. esum wird 161616111111111111111611ε 111-
11116117918, 16111611 7920, 1111611611 79231 616111 1611111111)
7921, 1611111111) 7932, 11611(*1111111) 7933, 1611(1111111) 7937 2
1611 (lupus) 7922, 1161616116161111111111111611111 1111; 616111
11111 wir 611611 7924 61611 161 1611111116161 11111 61111. 1111

61 611 6 161111611111111) 7921, 7927, 7938, consens (1111111111) 7934,
29 ·

 

