600

00100010 6011001011, 100 Manilio Hector 1396, 110101 1651, 4153.
80166101 5320. Ηο1100, 00100000, 100 1011110110 80-

1101101111080110610111001101111101 1161013525.
5260. 8010001, 110601 600 (101011 60

(1010060, der 00001118 0100110110 111000 9344, nom. 1101110110 10019.

0010110111 6. 00100009501, 11376. Ηο1611160 80111010, 10111110 kampfe 1

0000110 60010010, 100 11100100 80- 5254.

106101 4513, Ηο81100 6110101800 28891 0111. 1111- 1

0111011011 de 11000οο, 10011001111100 800 2759, 5256.
80166101 10473Ι Ηο0001 6010000 6797.
00061010016οΒ101018008985, 90471 Η1100 10 600001, 11111 110 1101111110
10181. 0101011 60 1101110000, 0. 244718110116’01110110779411111011
2661 L. 00111101, 8111101108οθ 60 60 11001001, 100 0010011100 80-
1101000001000000111, 1011011030.
0. 247. 11110100, 00100. 06011101, 10380.
00111100 60 8011110, 100 0111 101· Hurepois 39, 9598, 100871 10181.
1100601 24851 0001100, herr 600 161101100010111110001011101011010.
1οοορ1001101οε 3501.
0111101001, 10 1016001101001*4977. 1060 2155, [nde 00001101 109611
01100 1658 Δς adj. 8118010 1886 D, daher 10600111 7869, 106010 3922,
6057, 6236, 62471 001010011110011 7434.
7448111101 8118010 10181. 11110101,
0101. 0. XLV. 10110110, 00100000 52851 J. 6081010
001 60 801801800 128, 152, 2291, 4531.
4533, 46811 G, d’Aubefort 10476. Jerusalem *8143, 1110111001οη1 2260
(11110001,00100000,10000180116101 Α.

4654. 1011010, 0101100101 111101 96121 ¹

01110011, 100 01001008016610135821 10181. 11110011 60 1101101100, 0.
01110111 01101100 111101 81010100 269.
0010000 11116 00061000 1011 1111- 1010000, 001110116οε 0000103471.
0010001100016101108 1101801011 1000110, 00100000, 1011Δο0οῖ0 80
65371 0111 6111101 11116 100 601 1661012559.
1100111 Μο1100060801661016747. 10110100, 00101000, 1011 11010111 80-
01111100010, 01111101 010 8010080001 166101 28841 010 auderet 81010100

6002160180 8100800 100 Ρο101100 00010110 11111 0101110110 101 10101110
43, . 3521.

001011 6110101160 77941 0111οο de 1000111100, 101 60 9000111100 3502. ’

Μοο1 60010 78891 00100 60 Bo· 100010016οΡ0110, 10111101001110

1100110428100100 601100100, 26911 ,1.6011011010, 1111610080· ’

11111 110 11010810 24471 00100, 0010 801661014796.
00110 600 000010 11422. 100016, 00100000 2862.

001011, 10 101 G. *6146 100000, 00100. konig 7323, 7669. 1

sudas 7341 1116002378.
80011101, 1011011001 100 80100111 1111081011, 10021.

8051. 1111110οΙ, 00100. 801110114767, Ju-

 

