558

1111111111, 11131111113656, 65441
11111151 5111111111 1111111111 2631.

11111111, part. 111111. von 1111111, ains
11. (11Ρ11111 1880.

1111111111, 11111 3131111153 111-

1115111 1451.

11111111111, »1111111111111117821

111111, 111111, 1. 11111111, 1111111111
10595, 1. aue, 1111111111111111
5918 ; 1. 1111 a, 511 1171; 1311.
111111, uowohl 111 auch 3599 ;
11131. 1611111, 1111 zu 2167.

11111511111, rofi. 4555.

1111111111111, 1111. 5857.

111111111111, p. pf. 1111111111, 111-
11311 um etwas 3708, 5445, 16262;
1131311111 9138 ; 5511111151
11026.

1111111, 1111. 2 pl. 11111111 4961, 3
1111111111 5726 11111131. 1611111,
11111 zu 1173.

1111111111, ohne 11111111111835,
3708; 11111. 4228.

11111111, 511 10413.

11111111311 10844; 11131. (11111111
3, 299.

11111111, »1111111111 1111111111, p.
pf. 11111 11111111 11133.

1111111111, 61111111 4753.

1111111,11113111111111578, 1660, 7819,
98001 verbum 11111111 6410,
10586.

1111111111. 511111511115, von -
111116330.

111111, 1111111111 10778 Β; 11131.
1111111013, 315.

1111111, 5111111111 7183.

1111111, 1. qu. 11111, 11111111 1111-
11111111 3423, 8319; 1111111111 (zu
etwas) 9674, 9980.

1115111, 11151. conj. 113. 1111111
3121, 3 111νοὶ1 5185, 56331 imperf.
conj. 2 1111111ο111115476ς 11131.

11111118035, 1111111111 80131 11
11111118035.

1111111111, 1111111111 3854, 6909 ; p.
pf. 11111. 1111111111 7149.

115131, 31115332, 5334.

115111, wiese 1383, 2566 Β.

11511, 31111311 boden 5977, 9611.

1111111111111. 1115111607, 1907,
5503, 6604, 1111111111 1907 Βς
11131. 3511111, 6111111. zu 204 und
1111111352.

1111111111, 11151115111 6650.

11111, 17531 pras. 313. ind. 1111
9627, 11588,111.1111111 7714, 3033;
[111131111111111. 1111111111 9081,
aler errant 0633.

11111, 1111131113 6253.

111111 (5111 11111111)793 361).

11(1111,111111111111111,1111;

11 vous 589ος 11 11111111 9823;
mih dem nomin. *10551.
11111, das 1111111111 3533, 6539.
1151111111, sich 1111151511 4940.
8446 0ος 1111. ind. 3 13. oe·
banio 8991.

1

1151111,1111311111111,111 1111111- 3

ung 1151113111 1644.

1151111111, abs. 11651115 sein 4177, ¹

6504, 7623111. 8652.
115111111111111 1620, 10321.
1151111111, 1111111111, 15111111 10415

D

1111511111, 1111111111 297 BD, ⁴

1458, 4383, 6050, 6434, 5831,
7831.

11111511111, 1111111111 4831 masc,
1371; 11131. 1111111111, 2111115115
11111111111111151 251111131171633

111111, 11111 11. 11111, 111 etwas
11111311 haben 8339.

11111111, 55111111 209, 5057, 5469,
6117, 6129, 9889.

1111111111, 1115111111 7527.

1511111, 051111. LVI11; 1111. 3 11111111,1111111111,11115111111 295,

13. 1111111111 5487, 2 pl. 111-

1089 Β, 10387.

 

