377

16166 166116611611, 61 1166 666116 1161116;
11611161611, 611111 666161 16 6616.
116 Γ16161666666 661 116 1166666 1616616

1. 6511 L’une 16611166 66166 16 616616,

1166116 1616661 66661, 16616 61661 66666616.

16166 Β611666 16 111, 1661611166 66 666161
,1161666 6666 66, 6111 6’6 61661161 1616161
N’i 1661661616116 16111661 666 61166616,
061616616 gent 1661666 gent, ki 66661616 ;
Nous 166 66111666 6161166 66 cordele

16116 Et 161111166616, 161 6661166, 16 1616,
1161616 1111161166 66 666616 Β6111616.“
Rois 1661661666 1616 jus la 16616,
11 1616 Β611666 n'i 1161 666 grant 161616,
1161161 6’66 1616616661 6661111116 6661616; “

16116 0111666, 1111 6666611661, 661 11116 16 6661616
,,1666111Κ61166, ki sor nous 6111161611

(11666 16 1661616 66611616116 661166;

1166611666 1161 66116161 (11116166.
Un 6666 1161 6 un 666161 666666.

16116 Sor 16666 11611 1161166616 1111166666,
Κ6 11 11 116666 16 16161 6116116666;
116111611611 661 116166 66 66166.
Ρ616 6 1616 (11161611 116 1166666,

166111116666 666 11661611 1166611166
11

10150 1611110; 1. 11 6611611116 6116116 1116111616 1); 16166111 quen
661111 Β. 10151 161111 111 lab. 1161 61666 116116 66116 [11 1616 kl. retorna
661 616666 666116] 0; lab. 6 16116116 16 66116 [66 16666116166111161116
161616616] Ι). 10152 1611661 11666616 1611616116 0; 66666 ,1. 661. 1166
parmi 16 16166116 D. 10151 1611161111 66161666 66161616 Βο1);
[66161116 161661 16616 gent 1666616 11161 1116 6166116 61 6 16616 661616] D.
10155 1116166616 Βς butor li 1616 D. 10156 661611 66616 1666616 D.
10151 161111 0. 10158 161111 Β; 666 611 11666. fierent bien 1161616616 D.
10159 1161166 6611166166 6 B; 166 166 66161666 1166 66 16 D. 10100
1661. 66116616661 16661616 1166116111 1). 10161 [611 66 666 1611
6616111661 66 666616]1). 10163161111101), 10161611061.. ,661611
66616666160.ΧΧΧ.16. du regne de 1611616 D; 1. 66616166116111.
10106 166116116 01 161616 1). 10168 m. 66 6161661 Β. 101691161611
6661611111. 10111 [661 (116116 16166 16 jus 11116 del 61666] 01). 10112
161111 11. 10113 1611111311. 10111 61661161661161611661616 Β] 161111 D.

 

