548

6616 1515615151, p. 61, fem. 561516 666665, 1111151, 5 5. 752, 3509, 7192,
7165, 7180. 10230.
eoi (quid) 87, 5115, 665 immor 5666115, 611566 6713 D.
5313, 7770, 8668, 61161566 9943 566 (cunnus) 5952 Β.
Β, 16161. 11515151, 1116166 625. 566 (quo 16666), 615, 6516 566165-
56115, 5155666666 655 6511115665 15111 *2445, 15115 come 5666
1477, 1545. 3552, 9123, 55161. 766151, 1751-
561616, 1515146616, 66515661661166 61156616 35111165 5. 1116.
6641. 5666161, 165556, 5161511116 4496.
5616115161, 1511. 1166 1115166, 5666111· 5405, 6611151 7076 1), 65161. 1151-
611511 0910. 5151, 4161 16 10650.
5611116151, 5566116156 6910. 5665115, 1515666161161015.
5615, 666556, 6561 53, 7449. conclus, rendre 5. 4608, 65161. 1151-
561111, 6116166, imperat. pl. 661- que 86b 4.
6155155 6008. 66666115 3497, 4838, 8824, 6155.
66116, das 5611611156, 5565565166 1 66. 5666615 8592, 3 56. conj.
3573, 4888. 5666615446, 56666156 4476, 4593,
5611151, 6656616611 233, 1139, 3639, 7709, 6503, 11367, 2 61. 566661-
3869,4888,9045,6661466561493, 5165 8527, 161. 3 56. 66666116
156. 5156 6561156 770. 8507, 61. 56666116619611, 661.
56151, 615651161156 165556 5780, da· 166. 66666115 1341, 56651. 566-
66156165, 556156 5616566615 66151516 9533.
6830, 7839. 5665515665, 55616665115565114834,
5616611161, 6161116111 von colon 4757 5637, 7139. ,
361). 566166615, 6115. 356. 5616566- ³
5616161, »affectet 65116165 616616- fonde 4475, 6. 61. 5611161166 1651,
1116615 66 566, 6516 1615, 615551 10301, 9583 Β, 10299, 56616 1659.
15 561, 1511165 645, 1516111665- 66116611, 11. 6020.
11663183. 565615115, 6155. 156166566615
5616111, 6156 6116565044, 11. 9776. 2827, 6611. 3 56. 566619906,
6661116615, 66161916661121, 1151561 ’ 6. 61. 566611, 6566161516156 4635,

9986, 56 5656 5661666155 1684 5283, 5288, 66161. 166161, 1751- ,

666 566666156611178. 6155616 86111565 5. 124.

5611165, »15116611161165161616116571 5611665116 5671, 6611. 356. 5611-
2918, 6161166111 6151666 666- 66151 928, 1391, 3571, 5634; 161.
bele 10441, 15161.Μ5651-6111)115, 3 56. 6666651111 3836, 161. 566-
6166651111 5. 43. 66511665 1573, 661. 156566-

566651666, 6561611666 2929, 8764. quise 7335.

56665151, 65656156, 6605115210 5666655151, 66616666 5498 Β, 6045.
111), 161. 3 56. 5611166116 1996, 6661651, 5651651566135, 6966, 566·
5611166115 5713, 61. 5666511661 16151, 6135. 3 56. 166. 566115 9990.
2880, 3065, 6897, 7515, 9871, 6. 566161,1ἰ151666, 1611151666 3923,
61. 566616. 4500. 4405, 5130, 5970, 6007, 6232,

5666511566, 6161566511 651 51111116 611565116665 6489 Boo,

4566. 5665511(66651116111), 65, 1656665161

 

