299

A Κ1111111111 11 1 1111111 amin,

Κ’11 vous secoro 1111 1111 11 1111111;
suo 111 111 devoir, 1’11 11111 11111111;

11111 11111111, 111 1 1111 111111111

1,1)1111, 111111 1111, 1,111 11111 1111111111

Se j’i envoi, jou 11111 1111111111,

011 11 111 1111111 1111 11 saint 01111,

1111 111 la 1111111111111 111111111;

111 111 11 vient, 11111 1111111 111,
011 11111111111 111111 11111111;
1111 111 1111111, li 1111 11 111111111
111111111 1111 1 .ΠΠ. mos repris:

1111 „Ahi‚ Letise. li tiens 1111 1111 mandis!
Ρ11111 111 jou 11 111111 11 111111.1
Α 111111 1111111, 1111111 1111 11111111,

1. 121 En 1111 111111, 1111 11 11 1111 111.
Rois 11111111111111 11 estant,

1111 (1111111 1111111 11 11 11111111 1111111111,
11111111 1111111, 11111111111111111; ¹
Plus 111 11111 1111111 11 vous 11111111
111 1111 parole 1111111111 11 oiant:
,011111111111 11111 11111111 11111111(

1111 Asis 111 111811111111 Ρ111111;

1111111 11111111, 111111111 1111 111111,
1111111 11111, 1111111 11 1111 avant.
01111111111 moi pour 1111, 1111111111(
11111111 11 1111 11111 1 11 1111111.1

1111 11111 Υνοεε 18111, 111111 1111 1111111111

111 1111111 1111111 1111111 1111 garant
11

8144111111 O. 8246 v. 11111111111111111111 111 111111ος v. 1111
111111 1111111011 D. 11118 1. 11 11 11111 1111111 11111 [11111 sem 11111
molt 11 dolens 11 111111 011 11 ci 11111111 11111111 11111] 0. 8240
111 8151 1111111 Βο1). 8255 binus 11 11 1111111111 1111111111 B;
bol 1111111111 11111111111 11111101 bien 11111111 11 11 11 vinage
311111. . 81161111111111 11; 11.111111110; 1111111111111
11111 D. 8111111111 1111181 p. bel 111111 1111111 1111
1111 01 j. hon 11 D. 8158 p. 1111111111 B; 1111111111 111111111 01
11 1111111111111111 11 1111111111 D. 8211 pris 111 111 111111
1111111 1111111111 D. 81111. 1111111111011.

 

