584

5515. 1 ug. ind. 55555155 4090, 55555, 55551, 555 5. 6465 85 11
3 55551519149, 79335 151. 1 eg. 5515555 15 5. 11408.
555555513497, 3 55555555 118, 5555155, 51515155, 5555. 1 ug. 151.
3834, 7059, 1 51. 5555555551199, renvi 1580·

9 55555555 1800, 1807, 7979, 9 reon (rotundum) 8839 D ; 5 15 55-
555555551 19595 5551. 3 ng. 55- 5515, 5153555555 9500.

55551 1697, 4857, 5360, 51. re· repaire, 5115151555 1787, 11589111). ξ
55515551 95015 p. 5551. 55555 555515155, 5515155555 1984, 5899, 1

3988, 4095, 4955, 7330, 84805551. 6839, 11583, 5511 74385 5551. =
1655155, 115155 1015 p. 5515. imperf. 1 pl. 5555151555 43915
55555551, ar.¹ im 1155515555 5. 5551. sem. 55551515 355 1513 4

576. ug. 5555555 10993 D.

55555155, 5555551555 1389, 6008 Β5
vgl. 8555155, Β5555555515, 55555.
55155 55555155.

55555νοὶ5, 5551. 3 sg. 555551 6486.

5555565, 5555111555, von der 515115

5555151551555555555), p. 5551. 55- 1
55110994.

55515555, 5151155 6937.

5555555, p. 5551. 55555 43095 55551.
11655155, 1151 zu 999.

5515555 33995 5515151555 (55
515555 15115535) 94135 15 55-
ordnung bringen 67575 951555
115545 abs. sich 5115555 4950, 551.
6368, 61985 5. 5515. 55515551,
155513 (555 5155155) 5103 BD,
10618.

555551, 5555 de r. 6555.

555515515, 551. »le payer 5555515551,
5’55 55555115 70905 vergl. 35515-
155] 7, 91.

555155, moach 3353 Β.

rendre, 5555. 1 ug. 151. 55555 9053,
5555 4608, 9 5555 78855 1511
eg. 5551551 44855 imperat. pl.
555155 78955 p. 5551. 55515 46035
5. 5515 55 55555 1555155 41685
555551155 7903.

rouge, 55555515155555 85545 55551.
11155, 115.8 11 413,1655155,.4151
55 9068.

5553555555, 155155 11553 BD.

5555155, (55555555) 61095 5. 5551.
555516 (5555555155) 3849, 7470,
1555555515 3634, 66865 55551.
155155, 1555155515 35115955, 5. 5115555515 (15151555 6, 664.
1981155155, 0155551. 55 11494. 555515155155, 5551115555, pras. 3 ug.

55555565, 5551551, 5551151555 919. ind. 5555151515 9535.

5555555155, 5. 51. 555515, 5515551,
15551 55551155 54665 55531. 1155.
1155515 5404.

55555555, 51555 55555551 5555555
*5949

55555515555515551, 55555551 3901,
69995 55551. 1551551151 55135.

5555511155 51555 5555 555511115.

55555555 (5555565555), prb. 1 eg.
5555155 1854, 9905, 9594, 351.
555515555166445 151 3 ag. 55-
555555 1999, 151. 555555555 93915
5. 5551. requie 994, 3190, 1603.
fem. 5555155 8115, 110935 im·
55551. 51. 55555555 11165 5. 5
qu.. jem. fragon 6005. .

5555 (radere), p. 5551. 555 9957, 1
107045 55531. 1555155, 055551

55555155, 5115555555555555511941.

5555551155515555555(5555155515)
3147.

5551555155, »laver 5555 (151555 “
555555, 515555, 551155555 100495
55551. Dies Wb.³ 11 958 55155

 

