242

Voit 16 (16661666, si 6 dit hautement:
ἲ,1)661611, dist 616, „e'est voirs, 6166 m‘i 661661,

666 1161666666 666, quant il 661 66 166661,
66661 11 gnane, lies 6616616666666;
Et quant 11 666166 66 1666166661,

Ne 661 166 16166 61 6161, k’il 66 666661,ιι
666616 161, de mal 161661 66666661,

mo Ρ61611 6 dit a 66 6616 6166666616
66661, 6666616, 1666 666166161666611
66 (1616666166, 16 6666 6661661661,
soit 1666666 666 66616, ki 16666 666611ι
A 6666 6666166 66666666 6666666661,

666 166116 6166666, u 11 66166 d’or 66661661,
61661 66666666 666 1166666 6 6661666666
Α166 (16 6616 66666 661 666666666661,
166111166666 jusk’en 1’6616661666661; ·

6611 616 66 661 ge ι6616616661 D. 6616161611 B; q. il 6 66666 A;
por 6616 dame 66 contient 66666661 D. 6611 11 661 66 116. 6626116666

666 B; (1661 16 pomo 16 6666661 03 6616 661166666661 66 66616116661 D.

66661. 6 66 61666661 Δ; l. qui 66661661Β; 666. 666 6666166661616661 3
[pierres 616666 66 va jus 6666661661 66 666 6666666 vales 66611166 1
6666661 66166 16 666666 66166666 661661 1666666 16 6666 61166 66 “

66666661 Le 6666 66 6661 6 66661616 6166666661 66666 du 66666 66
666666166661 16666661611616666661 6116166666661616616166166661
voit 16 16 1666 6 661 6166661661 666661 66 1166666 6 11 666 666 666-
61661 Τ666666 16 666616 61 16 666661 666661 116166116 661116 6116666666
16666661 Et 16 66616 de 66666166 16 grant 116 66161 mes 161616 66661
8666166 de 6616 661 66666666 6616611166 66 166666 66166666166 661166
1116666666661666666161666666 6661 klm. eust 16 6666 (161661
66666166666166666666 16 66661 Tot 66 1666666 quan que 66 666-
616661666166666661116666166666666666661 Li 6 16666616 61 de 16
char grant 666 Le 6666 66 6616666 61 666 6666616661 voit 16661616
16 de 6666161661 66 1661 eom 61 de son 6666 666661 En 6 666661666
6166661616666166166 666 armes 66 6666 6616616666661 66666611 61
diro 6611 6616 666616661 Vere 16 66166 666 6161 1616661661 66661666
11 66666 666 666 elme 1616661 ’16666616 116 61 16 666616 (166661 06-
666616661116 661 666666 66666661 Ne lui 66161 6 1661 666 66661 Li
666116 6616 666616 66 666 666661 Τ616 66 force i 6 6166666661 Au
bien 16616 6 mis son 6666661661 616666116666166666666666] garant 6.
6628 [6166 61166166 16 666616 dun 666661 666 11 661166 66616661 1661
66 quant 11611 166. 61 66 16 66611 dolent 66 sa 66616 (166166 66 661666

 

