543

5111111, 1011 1131.. jem. 11111 1111- 5111112520, 3438 Α, 4793111221
1111111111,111111111110111 2045. 51101113209 0, 5677 BD.
5111111, 1111131511111111. oonj. 3 5111,1011.5111, 3111111113 3079 3

13. 511117940.

bal, 111 gu 11 bal 10417.

51111111, 1111161111 2830.

51111, 111111 678.

51101, 1111111111 8111, 1111111011
comme 111111 de comparaison
pour 1111011011 depende 11-
1111159628.

51111011, 1 5., ohne hindernisse
915, 3582.

1111111, 111111111111 9384, 9078.

barat, 5111137371 111131111118528,
10226.

51151, de 11111115. 44201 11131.
1511111, Elia de 1. (1111111 118.

51156, adj. 110061 11 3111011150-
01110113 51151 6225.

11111, 110111111111117568, 7650.

5113113111, 311151111115111311111-
1113 3832.

51131131111, 1111111111 1502, 3857,
10357.

51116, la 30111 511116 885, 1111111-
11011 511111 11111 burnel, wie
11111 011111111611101111, 111011.

51111, adv. 11111 7180.

5111111111,5111111111111111131113273.

511111111, 5111111111, in 1011111510ιά-
11113 1111111111 6662, 10118.

51111111, 11113111131 3084, 4708,
5570 Β, 10421.

51111111, 11111131 2916 D.

51111111, 1111116036, 6095, 6169·
daher

batisemont, 11111, prendre 5. 6637

111111, 1131. 1111. 51111, 10151111
63661 11131. 11511111, Aiol 119231
vom 11111111 10049.

51115111, 11110 3111101111 793,
3638, 4242, 5732, 6575, 87841 131.
801111111801111. Studien, 1, 260.

51110111, 0111111, 31111313. ind.

1151111111 3082, 3915, 5926, 7491,
107791 011111

5111101, die 1111111118, 2787, 3250.

5111011111, 1111111011 au 51110111,
1111011111 635, 6927.

bel, 11111147, 3132, 5032, 5082,
5745, 8915, 9565, 10691.

5111111, binde 28751 11131. 8011111,
1101111860.

hender, 1115111111 6868, 7325, 77281

5111111101, maistin der 1115116013
»dieu b.‹ 641 11131.Το5101,711-
11111511 811111311. 57.

511111, praes. 313. conj. 5111111,
48361 p. pf. 5011169561 5111011
3110, 9301, 1010311606.

ber, nom. 1410, 3403, 3900, 6769,
7550, 051. 8062, 100651 51111,
obl. 1410.

5111111, 1110111111311111, tour
11 1111111111 que l'on approchait
(111 1111111111 pour donner 111-
11111 461 11131. Du Gange 11111
helfredus.

1113111, 1011111, 1111111111 mensch
5231 11111 51131118602111 11131.
(10111101 1, 626.

511111,1111111111311111115110118909.

5111111116, p. pf. von 5111111011,
114861 11131. 1111111, 0101101.
1111111 5111111111.

5111111, 1111111 11111111 3652, 5753,
5787.

5116, 31101111 11 mer 511111266,
1737, 23731 11131. 9511111, 1101
1115011011 5116 10386,106761
11131. 301111 roy 1, 640.

5115111051, 151111011131111111111111
1007, 1111115111, 3111111111 46941
151110 51150111 1472, 2164, 3492,
510010174.

bien, 11511. 31001 mange 33231

 

