456

1551515551 5515551155 410, 55151555 1571, 555555 259214. Con-
515511115155511-555, -55115 15555111 anserem 15115515 nicht
151, 55511515 3930, 51151515 8064. Futurum: 551515 941, 1515155
105411, (51515115 1165), 15115111 1849143, 11151511858, 151151555
259311, averes 3202A, 8606, 1151151511 4828, 511515 42, 3926, 151-
1515 3935, 151515 9607, 11515 805914, 5115151515 80435.

Fiir 115 1551155115 151 15155111551555115115511511 11511515
1155551 15515511 15155115 515511515115511 11 1151155115 051 11511151

515511151115111155115515 5511551155 55 111 55, 51, 51 151 51151555
1115151151151, 11551115111155 51 (5551823, 5139, 6242) 151 51-

1151151, 15 :iem mi 111551, 11111151, 115 151111511155 155 -511(1)5
15 iaus, von 515 15 515, 151 111511 515, 115 1111111115 5555511, 55511,
5511, 1511, vergi. 151551251551111155. Philol. 1v, 418, 115 2 11-
1111 pl. 11 515, 14-5ε5, 15 5111511555 5151 5551 11511151155
15155555155151151155151555 15, 15 155 5115151151 555555511515-
5515555, 151 51111151 li= 15. 11115 11555551151111511515155151111555
1511151551 555 55111 5151 11511551 nach 151Ρ1115111511151151151 ¹
155 5155551 1115115 5111 155 11515111551151 5511155151 1551115511 15
05511151, 155 Aio} und 5515151 15115 151551151 555511.

[155 15155555 5555155 5511511155 151151151151111551 15 551155
551511115151551151151234( 5678910 111 5511115551 115
15151 1 2 34 5 6)7 89 10, 11551515115111515511515555611511

151355511151511115111515555511155151151155111,515. 115151
115 5111511511151 11111511 wie 151515155, 200, 2523, 2679, 4456, ’

6615, 6623, 7075, 8387, 8855, 8960, 9281, 10849, 51515155 212,
111515 1555, 1515, 5555, 1555555551551, 5. 155, 111115 sur
15 1615 15155551115115 1555 15 151515115155155, 1882, 55115 24
bis 27 1511511151, 755 1151115155115175151511, 55115 28. Das e
55 5515 151 1151151 1151 1555155155 5115115 155 1115115151 151155
11151111111551515551151115155 geltung: 15155 1515156356, 115
5551115115 1 11111511 1155115155 5515151511155155767. 11151 515-
silbigen 11111515 55, 55, 51515111551151511515511115111551115111, 115111
51111511 151115 15155151 511 15 (155) 209, 347, 1604, 1840, 11 55
(51) 516, 867, 1021, 3324, 3335, 11 515 (5551115555) 859, 1603,
1765, 2010, 2216, 2266, 2915, 2939, 3029, 3048, 3088, 3201, 3596,
4147, 5197, 11 555 (151511151515551) 1592, 3834, 3946, 15 555
(quam) 2610, 4413, parallel 15511 111511 551515155115 115 5115151

 

