823

61661666 66616661. 116211268.

Ρ66166, apostol 91.

- de 666616, 36616. v. 16136 Sion
97. 129. 188. 17111. 287.

- 6166636, guard. v. 66136 8166

Peloponnes 79.

161661 88.

Ρ6161, der 6166166161 298.

Petrus, apostol 86. 101 ff. 167.

- 6661611 (6. 916116) 81.

Petrus 116116. 1166666 67.

- 116 Neapoli 21. 11 1.

6661 16 1161166 21. 76. 16 116116 2276.

9161666116 165.

Pharus, 16666116161 218.

161116611 66 11611166 81.

Ρ61161166 86.

Philipp v. 11613666 69. 161. 173287.

·- v. 66166661166663611 188.

— v. 661 116161. 11. 66 f.

— villiers 6611616 Adam 90.

Ρ611166666166666 186. 1661. 162.

1161116161 1891. 196.

166666 298.

Pione 1116166666 66.

Ρ1666611611 216.

Pilatus 16. 296.

Pisa 286.

Pius 11. 61.

Pola 7611.

16616161, comminuar 1161 11166616-
66661 261.

Ρ6616616111616 218.

16116361 11. 86.

Ρτιωο66116166661 296.

1166136161666 (6661616666) 78.
61. 176.

proin (1611666666111161 81. 96196.

- 161 dns 3616116 16 Ρ61161166 und
66 den 8166198. 187.

- 161 die 6116116611 von Venedig
6666 1616 69.

11666666 86.

6166666166661 16 der 316666611666
118. 1451. 16 8616166661 1861.
661 96166666163 167 11.

[1616611666 261 1.

66616616661616661 1111166161) 1181.
1681. 186. 291.

11666616 3166 1631. 186.

1163666711. 82. 267.

61-11666, 66666 269.

1166611117.

1161616116 11., vicar. prov. 22. 271.
861. 66.

1161616611 2666616 89.

1161616361, Hans 166.

6611661116, pass 199. 1681. 216. 212.

116166161.

116166166-6666161 166111 1.

1166116 61. 68. 78. 971. 16616111.
112. 178. 199.

6666616166, 86616616 3161 v. 178.
1861. 268. 2261. 268. 219. 262.

Rau 66861661 266.

1166 ‹eb-Tin 218.

6611666613, 6661. v. 69.

11666666 268.

1166611613, 611 v. 179. 6666.,6611-
111666, 8111163616161166. 1116-
(11166186.

1611661661 Anastasia 71. 11666 88.
Antonius 29. 1166616678. 661-
11616 68. 11166166 76. 88. 861-
61666 68. 6661666 6111161166 68.
71. 1161161666 68. 6116636666 71.
denar 87. 66166661666 68871.
1166661616 87 1. 6661666166 68.
66616666. 66613 58. 78. 87.
Helena 68. 166171. 16666666
der 116161 88. 1661166 86. 58.
1161661166 88. 262. 269. 111666
6611611 68. 78. 87. 298. 862. 1166-
116361 88. 1166666111 71. 1161131-
666 28. 1161166 36. 61. 6161666

 

