467

1111111111 (1111111111) 5162.

111111 (111111) 3338.

111111 (1111111111) 9688.

areret 4927, are 5854, dere
10383; 1111111111111, 8111-
11115111111146, 2201 111.

11111111 (11111) 2514.

1111111111111 (1111111111)
3100.

111111(111111) 1493.

111111 (11111) 4492.

81111 (bort) 4074.

brusie (51111) 3445.

01111111 (11111111) 507, 11111111
2249.

111111 (1111) 4777.

11111111111111111111) 10815.

11111111 (11111111) 306.

111111, -1111111 11 111 5638.

1111111 (111111111) 9462.

1111111 (cierge = 1111111) 9540.

111111 (1111111) 10749.

(11) 11111111 (clergie) 11385.

1111111 (111111) 10703.

111111 (111111) 8536.

1111111111 (11111111) 4691.

11111111 (111111) 5633.

11111111 (hendgemenge) 3125.

coppe (vaselemente) 9427.

111111 (11111) 9644.

1111111 7011, 111111111 7012.

1111111 (11111111) 1911.

(11) creste (eoiffe) 5338.

11111 (11111) 106.

11111111111111) 1458.

11111111 (51111111) 634.

1111, 111111 1321, 7253..

1111111111(111111111) 5217.

1111111110111111. 211.) 108801).
11111(111111) 117.

11111111 (moneor) 882.

desi, en· (11111) 5037.

(11) 111111116159.

1111111 (1111111) 959.

1111111111 (1111111) 5883.

11, 1111- 1579.

11111111(111111) 1825.

111111 (donjon) 892.

1111111111 (11111111) 689.

1111111111 (1151111111) 4011.

1111111111 (11111111) 7775, 11- ,
11111111 5377.

1111111111 9350.

1111111 (τ- 1111111) 3733, 1111111
4487, 1111111 7866.

11111111 (apres) 6470.

111111 (1111) 151.

1111111111 7728, 1111111111
10590.

111111111111101111. 11 111111)
4464.

11111111 (1111111) 1376, 1111111111
6229.
3111111, 111111 111- 3599.
111111111(1111111) 5291.
1111111111) 1748.
11111 (111) 1849, 3502, 4736.
11111111 (1111111111) 723.
11151 (sabula) 3106.
1111111 (1111111) 9641.
11111 (1111111) 224111111112295.
111 (111111) 5057, 1111111 5875,
1111 7844.
111111 (sumo) 3446.
611111115098, 6097, 1111111111
6092.
30*

 

