566

361611, 16166166, 6661116166 20, 216,
2899, 3419, 7605, 9162.

3616116661, 661616, 11161663 1604.

36161666,66661611663,16116111 1926.

3661166, 116616 363666 2424.

361111 34121 16131. 11611161, Aiol
16 5192.

gaudine, 1616663 3367, 73961 3661
3852. 8091.

36116161, 1161161661 3613.

36111, 66366 5066 1), 6519 , 9373,

gemet, 1611 66616161666 16661166
6454, 6864.

366661, comp. von 3661, 6203, 7285.

366161166, 6616 361611 1682.

36166, 66116 666 11161666 66 661 16116
2327, 3586, 10482.

361664 98261 16131. 66661161 4,

366 = 36 166 9839.

36611, 11166. 3 63. 31612427, 3637,
6440, 6726, 7819, pl. 3166612472,
4317, 6478, 69631 conj. 313. 3166
110111 pers. 1 63. jui 840 D, 3
3161 5763161 1034 BD, 361 6245,
10915, 11183, 2 pl. 3616166 8061,
3161661 1448, 3616616860, 77561
161. 3 63. 36116 1634 D, 70523,
pl. 361166198791 conj. imperf.
3 63. 36161 61661 part. 3166.
3166615098, 5375, 17931 16131.
1616161, 0116161. 26111 p. pf.
366 7301 166. 93681 3. 6661616·
616 9989.

36616, 3666116611 2974, 3603 DE,
4682, 6111, 7236.

36161, 66116666 3600. 6929, 116311
6666166666, 3616166 1161144961
16116166 277, 1223.

36616, 1166116166 6161166666 66 161-
duro«, 6666 66 366166 4763, 166
gaules 66 1611616 1161161166 4866,
16131. 66661161 4, 306.

31161, 361366 6008 D.

311161, 1636111636 5680 D.
311161, 1616 166166161669897.

3161616361 7761.

giu (jocum) 4726, 47691 ju 2046
Β, 3307, 4769 Β, 36 10417.

31661161, 3161166, aba. 1457, 6229,
107131 166. 7041 11. 3874.

3166166, 6166111611 1406.

3166, 16116 3626.

316111, 161166 8661.

31666, 6616116 3001, pl. obl. 3166-
1666 3080.

3616661,16661666 1164616661 1616
1161113 161166366 (vom 161666)
10365 OD.

36616666161, 161666116361 2183,

36161661,16661639761 66161. 36- 1
1616616, 1611161 9625. ‘

3166111161, 666166 7492, 31631 316- ¹]
6116111139. j

31661, 611. 36161166 405 Β, 960. ]

316116, 1166111616 2436, 3083, 4471, .
6476. ;

31616, 16111111 3687, 8201 31 66· ’

1161666 1611616 31666161, 166. ι

61611 16116166, 363. prb. 166. 1
3161616 11126. ¹

316166, »6661661116 6611616116 em·
111616 6 16 16161616 66 16661-
16161 26281 16131. 1166611614,
331 666 1616166116116611116116

3166661, 316116 6646.

31661, 1661. 3166661636, ’16961
661. 3166666121471 66116 66
31661 10644 D; 16131. 1461366
zu 546 2.

3161161, 11166 1768, 2662, 3178, 9447.

316, 66611, 166116 3. 18616611 66
3. 68691 61611 3166 4031, 61611
mal 3. 69711 66 3166 4062,

316666, 361666 1611 67, 2967, 4662
1388, 5944.

 

