539

66611161, 1611611166 6292.

66616, 66161583, 1802.

11661, 116166 1536. *104641 66661
31411 obl. 6616666 7356, 8228.
8466, 9926.

666161, 11161661 ring 810 D.

6666166, 66115116, 66116 5773 Β.

6661 5189, 6242, 96151 6661 113.

6661611766, 16616666, 61611116111

6611666611, 116611 666111 66611 7599.

66661, 66661, 116616 66611 4289,
4937, 9919 31 666111 4663 D.

anter, 1161661166 11315.

16111 (antiquum) 231, 540, 2666,
2689, 66116 2591, 3538, 661166
353381 1661. 66116 676, 3425,
3983, 4846, 5639, 56431 vergl.
1611161, 11116661. 0111616 672.

66611, 116616 6661111 4929, 60921
66611 161 1161161701 6661161611
6953.

1161166611, 661616116161661616111

66611161, 616111 werden 2075 0,
61031115116611111611 11254.

6611111616, prendre 6., 1116661661
66 6611661 66 0111111· 694 BG.

66116161, 6111611166 427, 5642 0,
6118, 11307. 11512.

666161161611, 66616161611, 6661·
61161116 9852 141 61111. 166. 166.
66616611 8895 Β, 10800 81 6611.
3 ug. 66616111118588, 9536, 9538,
106171 16161. 36611161, zeitschrift
161 161666116116 Philologie 11 2881
6. 61. 666166 771, 666161116 98811
1661611611 95801 61166161 53111
1661 6661611661, 111666 116116 4607,
6218,6616166661611611120916729.

6611111661, 6. 6161. 166 6661611116,
5123, 5124 D.

6661616111, 666666116111611 1957,
5464, 6188.

6661611 10530, 61116. 2 61. 166. 666-

res (166.) 106881 6611. 61111. 666-
166122661 p. 61. 66616 4666,
95851 1616. 61. 6661661 630.

666116666611,1611166116116114018

6661, 66661 16, 616116 1116666
7983.

666161, 61116. 316. ind. 66616 2834 Ε.
6666616, 6636116166,61)116611161616
3994, 4091, 6654, 7938, 8388.
666111161, 6666161616, 1611661166

(666 weg) 9671 Ι).

6616161, 1166661661,1661616166,
1611. 6421 Β.

166161, 166. 6626 D, 8347 11611
11111166.

66616616, 116166616161 5794, 6489,
7661.

666161161. 666111 1111 616111 61111666
17578.

6661116, 66661618154, 93091 666·
11616, 666118150, 8878.

6666161, zu 116611 1615166666 19984
Β1 161111 bei (16661161, 66611 61661
11611 6611661 616166116 6666161.

666111, p. 67. 166 6661111, 16161161
8334.

16166616, p. 61. 66111, 166166111,
1611166111 61161166 9152.

66166111, 161111663702.

6616161, 11. 1166116666 5200, 7374,
9256, 10384, 106831 6161666116
161 qu. 6821.

66161161, 166. 11611 66161161661 6.
61. 1161611, 661611614491, 5856.

66166161, 11. 6611616 7498.

6666116, 161166666 8014, 66666,
6116111611 100601 p. 61. 66611, 61-

16116611, 6116116618216, 82048,
9321, 8922 D, 10272 Β.
6661161, 66116166 45, 9222, 9307,
94101 61116166 9541 116116166666
1310 Β1 16111161 8435.
61616, 6111 61 61611616. 3083, 616
11611611. 5945 D.

 

