572

555515, m. 15 5555, 655 55555556 555· 555565 6781, 55551. 11655555, 1151
lieren 6502, 5.51.55551,1555511151 55 901.
267, 526, 3687. 55555511555155551, 5555. 3 555551.
55551555, 5555555 2948, 4884, 5373, 555155 6712, 155. 1 eg. 5555551

5380.

55551555, 51165555 3534.

matois, 5555555 3118, 3929, 4507,
555555 3525.

55555155, 55555555 582.

5555551575, 55551551 3719, verb.
55555155 10446.

55555155, 655 55555556 555115555,
55555 663 1), 756, 6413, 6686 Β.

555551, 55555551 4738, 5515514767
D, 10529 B.

55555515, 5515555555 7238.

555515, 5555515 3725, 3758, 10261,
55551. 1655555, 25155555115 1115
555555. 0555555155 1874, 5. 144.

55551, nom. 5555, 1216 Δ, 1243 Δ,
1645.

55555151555515556, fig. 5277 Β, 3548,
7268, 8135.

5555, 51565555551515555, 55555 732,
1093 D, 10227.

mater, 55515555 219, 952, 7349,
8026, 9716, 10744, 555515 7531,
5555515 Β, 55551. G. 95515, Ro·
555515 XV, 143.

5555511115 = 5551 15511115, 55155·
15556515 1582.

5555556, mal 556, 3951, m. lor 555
5197 Α, m. 5511555 5889, vergl.
11655555, 4151 55 4460.

5555555565 = 5551 55555 1270.

5555551556, 15155515 8354 , 5555555516
3886, 6123.

me, 5555. 5555, am anfange 655
555555 *6117, me = 555.

machine. 555551 7420.

5555155155555555555551566696682,

’ melodia 077 Β.

5555555515155 186, 322, 1308.
555561, arm 210, fem. 5555615 8424.

1852, 8461, 3 555555 3399, m.

qu. 5. 555155155 4304, m 15 55-

5515 5440, 55. 51155555 qu. 6598,

m. 55551 51545 6824, 7071, m.

joie 6824 Β1),55. 5551 qu. 7321.
555555, nom. pl. 7968.

5555555515, 555515155155515555555
bringam p. pf, 5555555 1336.
5555515, im 551555155555 5009, 550.

8171, m. 151 55 5515555555 700611.
51555, 151515, 6151551515, 155 5555

555555 4611, 56555555 m. 4149, J

55565555 m. 5313, 7218, 555551
55 55. 5308, 6644, 55555 5555555515
11442, 55551. 155155,755551551515
85155555, 5. 68 556 8655555, 4151
55 302.

5555555555, 565. 6647.

55555155, eor m., »555 55 timbre
sign« 8916, 9463.

5555515155, aba. 55 5551 5555155555
3188, 3796.

marchi, m. 6155 43, 1125, 55551.
1515155, 7555155515 85155555, 5.
57 556 11555555, Aio} 55 1552,
avoir m. 65 qu. 9882.

5555515155, 6551555 7131, 7650.

555551, 5555155151 2441, 4732.

metir, 1555551973, 56055668, 5990,
6314.

merito, 1555. 615.

morville 32, 55551115555115, 2515
schrift 1115 romische Ρ1511ο15·
gie I 409, 5555551115 1388.

merwillon, 565. 1868, 0395, 561.
55555111555, m. lugiet ι1368.

mes, 1555511491.

5555 (meus) 126, 51 nom. 551 415,
560, fem. 55515, absolut 657, oon·
junctiv 4944.

 

