 

222

061 61166 61616166, 116 161 61 611616 6166,
116111 666 16 6616161 6116, 6616611166;
Uno 66 1 6116161 661166661166,
Ki plus 661 bole 116 66111616 166;
6666 Se or 11661611166616 611616 (161166,
111661 16 6611 11611616 6116166,
De 11616 6611 16 6616111611666.1
Li baron 166111, 61 61 16116161111666
f. 386 Et dist 1161116111, 11111161 161 6116661
6616 ,Par mon 6161, 1116, 61616161611 1161661
01161 661 66111666, 6611 11166 1611166166
11616 11161611, 111 1616616 61661666.1
11116616 161, 16 66161 6 111166;
11161 ajuro 61 66 16111 161166,
6616 16 mais 116111166, 61 1616 6616166166.
Ρ611 quoi 66161161 Α1116116116111161611166,
Se 661 111 1661 11 66116 1161161166,
1611 bien 611 6166, k’il l’en ait 611161166;
11616 61116 11116, jou 6116, 6161 666166, ¹
6616 061 1111116 targa 61 16116666116166,
116116 6166, 1611666116, 11611116 16616 66116661
Del 66116 (166 11616 1611161116 616616161166,
Piech'a 16 16 611616 6116 666166.
Ρ61 1661 1611611611 grant joie Sarasim
6666 Li 1616116161166 161111666 6161616111,
111 baeton tint, 111611 116116 grant 11161111;

6611116 66616 611 1116616 6616 latin:
⁸

6616161 6116166]1). 6061 p. 611 166116 111611 11166 Β 1 p.
11611666 1116. 116 jurae 05 que 666 116111 666 16 666 11166 D. 6032
161111 1361). 603516 li 661611 16 11616 6111616 611166 ΒΟΙ); (1611166 Ος
Ι6116116166 D). 60386611 6111611611666 BD; 61 611 611 616116.
6010 [666611 bem 61616111 de 66 6611166 vostre 6616 66 6116 11611611
11161166 061 661 661 6616 16 6116 6 166 donee Or me done (1611 gran
qnille 6611 1116666166] Ο. 6016 16 166616661 66161116 6166161116 16 Ος
v. por 16 virge 11616166 111611 6111 domuin que viegne 1616111661).
6018 [111616 6161116111 1611 61111 6616116166] (1. 6060 und 6051 1611161 D.
6051 61 11161116 16616 611 611 1161 bu 661166 Β. 0052 6. 16116611 11
orbe 601 6. 11666616 Δ; (16611616 D. 605361161661631). 6055
111.161666166161Β1111.16166616616111611111.

 

