321

Lare, 16166666 v. 6.

1666666· haus 666 grnb 170. 183.

161666611161 666 prebe 666661166
32. 31. 93. 98. 190. 255.

1611666 193.

butenheim, Veit v. 66.

1666616 80.

1116666 96. 295.

1611666 90.

11666 101. 107. 297.

11661666 91. 9411.

1166661616 7. 14.

Lindo 85.

1661666 VI. 65.

mummia-Warthan 66. '

1666166661 13. 19.

16666666, 1166666 v. 249. 259. 261.

- 1666666 v. 249.

1666116 176. 263.

notha 1666 164.

- 3661 160. 164.

1661666, John v. 63.

16661616 v. Froimnnflbnrg 188.

16666166 11666 57. 262.

1661613666 6611661616 3.
Ludwig, lmdgr. v. 866666 117.
Lumo 18.

161666 110.

166666 15 1.

1166161166 105 1.
6661661116616 66166166 213.
116ςά616661666666 170. 133.
11611661 19 1. 51. 571.
116166 7. 14 175.
1161666161, berg 76.
1161616616, 1161. 57.
116166, vorgebirg 33. 252. 254.
116116663661 238.
16166616 252.
11666166 1531. 161. 186.
6666616166 140. 1501. 191 ff. 225.
- 227. 231. 233. 2351.
1166611 (6661616) 254.
1166166 23. 27.

mumdum.

11666, 6661166 215.

11663666116 2946

11661661166166 16 1666613 52.

- in Alexandria 242. 244.

116616 v. Burgund XIII. 173 f.

1166166111666 6161666 30. 521. 243.

116616611661666 6666661611166666·
16666 86. 2031. 233.

116616, 661666166666116666 215.

Mmmnmt

1166661166 123. 143 ff. 307.

1166 3616 1311. 164. 186.

1166661611, 1166116, 116666. Ger·
1666 64.

Martha-haue 170. 183.

--666116 119. 170.

11666, Georg 176. 137. 249. 262.

6111616666 216 1. 227.

11611166 Corvinus 55. 57.

6. Μ6666, insol 79.

- 16661666 v. 79.

Μ6616611166 1., 6666. 166613 52. 64.

116611616166 71 1.

1166616 75.

1166166 2351.

11616166 82. 166. 216. 220. 235 f.
244. 247.

1166616866 264.

Memorare 25.

11661666 76.

11666666, 1666. v. 179. 187. 208.
239. 249. 262.

11161661, hl. 33.

111616616116616 16 Alexandrian 242.

Milo, 16661 83. 252. 254.

111661624.

1111161166666,.161. 115.

- 1166666180.

111666 111.

1166616186, 6166666161.

116666 30. 34. 91. 253. 2551.

Mongolen 33. 41.

1166116666 6.

21

 

