468

gaubere (11111) 10721.

11111 (1111111) 95.

11111111 (gavit) 3418, 11111111 111111 (1111111) 3498.

11112.

11111111 (11111111) 3518.

1111111(11111111) 1093.

111111 (1111111) 6753.

11111111116940; 11111111111111,
8111111111111111 75, 301.

11111111 (1111111) 5545.

guerer 1111111111) 973.

1111111111 (111) 11246.

11111111 (11111) 100, 1111113648.

Legne 9857, 1111111 (1111111)
10131.

1111 (1111111) 5194.

1111111111 (111111111) 7.

111111111 (abele) 7172.

111111 (11111111) 5338.

montisel 7986,

1111111 (1111111111) 1323.

11111111 (11111 1111111) 9463.

muti (111, 11.) 4607.

1115114303.

noio (11111) 6242.

011111 (111) 7999.

111 (111) 4750; vergl. 1111111-
1111111111.

Ρ11111 (pallida) 8377.

111111 (paludem) 4160; vergl. 1111
11 11111111111.

1111118446.

111111 (111111 P) 523.

111111111111 1461.

111111 (1111111) 4413, 1111111
6310.

1111111111 (11 Ρ11111) 3514.

11111, 1111. 11. 111, 2989.

11111 (111111) 7999.

11111 (11111111) 126.

11111111 6938.

11111112469, 1111111 3562, 11-
111113744.

(11) 11 (111111) 3885.

11111111 56171).

rede (111) 3605.

11111111(1111111) 4305.

11111111(111111) 134.

1111111 (1111111) 729.

1111111145.

remor 6280.

11111111, 11111111- 3462.

111111 (11111111) 6944.

11111 (11111) 8405.

1111111 (11111)4601.

811111 (1111111111 6887.

1111111111 (1111111111) 3372.

111111, a· 111 11111111 1451.

sceldes (111111) 7526.

1111111 (1111111) 2380.

1111111 (111111) 3446.

111111, des 111111 li· 3112.

111111 (111111) 6003.

1111111 (1111, 1111 111) 5020.

11 (111) 4891.

1111111 (1111111111) 2642.

1111111111. 3 eg„ 6544

111111111 (111111111) 7087.

111111113540.

111114378, star 5001.

111111 (111111) 8820.

1111111 (11111111) 5669.

1111111 (11111) 3456, 111111
6680.

11111111, 11 111111- 2600.

 

