181

Dont 11 111111111 111111 11111111 baron:
,1111111 11111, 11111 1111 11111 Simon,
1111 811 111111 Κ11111, 1111111 1111 1111,
011 1111111111 111111 1111 111111,
Ι] 1111111111 111111 11 1111111111,
81 111 1111111111 1111 111 11 1111111.
Ρ11 11111 1111111, 111 11111 111111,

1111 11111111 11 111111 11111111 111111 11111111,
111 11111111 11111 111111111 1111111111,
111111 tesmoigne, 111 111111111111111
A 11111111111111111111111 11 Borgeignon.
0111 1181111111 11 11111 Yvon

1111 111 1111111111 11 11 11111 11111111
,8111111“, 1111 11, ,111111111 1111111111
1111 11111111 1111, quant 11111 gentis 1111.1
11111 11111111, 11 81111111 11111,

Κ1 111 111111 11111111 grant 11111111.

1111 ΕΙ 11111111111111111111 1111111

En 11111 111111 11 1111111 orizon.
A 1111111111 111 J. 111 1111111
.1. 1111111111 1 11111 1’11111ο11

1111111111 111 11111111 1111111111,

1111 81111· 111111111 111111 11 1111111111
Pom· 11111111, k’il dira 11111111.

(11111 11111 11 111 1111111111
111 111 11 1111 1 11 11111 111111,
Κ111 1111111 11 111111111 111111.
1111 Et quant 111111111 1111111 11111111,
Α 1111 111111 1111 1111 1111111111
,01 1111, 111111, 1111111111111 11111111

1870111 4871 11 Β 1111111111. 4872[11111111111111 11111. 11
1111111111] D. 4877111111111111111111111111 Β. 18871.
1 1111111111111 B. 1888 11111 111111111 111111 B; chevalier
1111111111 1 D. 4889 11111 1111111111 111111111111111 B. 4890

111 11111111111111 11 Β ; 1. 111 1111113111 11111111101). 4893 [1111
1111 11 11111111 1111111111 81 11111 1111111111111111111111). 4891
111 4896 1111111 Βο0. 4897 m. 111111111111 11111 11; [1111111 111

1111 que 111111111111111] 1101).

 

