455

55555 wir 15 Ρ11551570 (659 55511 115 1555155 1551515551, Ρ51-
5551 1009, 5122, 1551555155122601, 1115513475.
21. om 151515115111551511555515 55;11155155 71, 555 79,

555 83; 1515155 151511 55 551 15115155 551551, 551 5151111511 am3
15111. 1115155 782 515 795, 7848515 7869.

22. 0555551155. 015 5551551115 1151511155 3924, 4563, 10485,
55155 8824, Κ51155 1391, 15155 4574, 151 512, 551515155115 551
10065 551 551515 515 oblique 1511555 5151 55151515555111151155,
115151511 155 15151 5511511515155 1151155. Α55515 515 55555 5511-
quus steht 222, 5599, 8219, 9160, 10258, 11321 551 1111511555 im
1555155155151555, 1515155 115551 505,517, 1574, 1952, 5023,
11069. Aue emperore 9517, 5551515 9518, pere 9520, 151155515
9525, welche mit 15515 9519, 515515 9521, 51515 9523, 5115515 9524
1515155, 15111, 155511555 551 15511555 5155551155 151 dritten 15-
111551155151 5515155111 11515 5 1151155; 5ο 55511 1151151515 3270,
5515111515 3273, 1551151515 5763, 55151515 5764, 5515551515 5826,
1511515 9528, 55515151515 9533, 555155551515 9537; 1111 155155515
15115115 551 1555 1151151515 3270, 5515111515 3273, 5511151515 8103,
9517.

Die feminina 151 dritten deklinatlon 115555 noch in 15115151
155 5151115111555 (15111. 95515151, 011115, 55115 LXXV, γ 551 55-
51511551) 5111155155 1098, 3333, 111155 1827, 3363, 1511115155 3314,
5111155 3317, 4027, 1511155 3322, 5151155 4048, mortalitas 6451, 5555-
15 115 participia und adjectiva: vallans 7549, 55115555 7556, 55155-
15557558.

23. 9115555155 personale: mi 1567, 5038, 11050 ; 11 508,
1573 (5511511551 15515111, 515111555111155555155555 jou 51 111);
1515155 1551 511, 815, 5979; 151 5988. Das absolute possessiv-
pronomen 155151115 151155 51515 657, 5515 638.

24. Verbum. In 11 55555 1111115 infinitivo: 5151511 4170,
51515511 4202, 555114203, 55116507, 1511 6533.

Praesens. 1 51. 151. 555155 1420, 15512226, 15512233, 15-
15551 2237, 2241, 1515334718, 51115036, 155115 6064; 3 51. 515-
5115 689155151115 705, 55551115 706, 151115 2481, 51511115 2482,
1511551515 2502, 1515115 2507, 511115 2513, 55115 2520, 15115 2521,
11555115 2528, 1515115 2537, 155115 2543 55555 5151511515 637, 5515-
1515648, 15511515 652, 5111515 654. 15 151 1 11151. 155151555 -551
5551155 933, 155155 7780; 551155 55155, 515151 151155; 1511555155

 

