517

61. 6666661 44016 16666661 eg. 6666, 66666. *8113

66666 49516 p. 6661. 1666666616 666, 66666 4893, 6140 D, 6212,

4119. 61316 666. (66661161666) 5001,

5121, 6142, 6642, 11636 666 66-

161666, 661. 1661., 6. gent 3822, 66616422.

3986 666 66661. 666661, 61611116115596 66631. 116·
6616616, 666 1616661666 83516 adj. 6166, 616661. 66 5441, 161166,

2516 BD, 3415, 5614, 1167 D. Vermischte Beitnge, 6. 41.
6616666 3244, 5151, 1300, 1948, 66666616166, 6. 6661. 66666611 11441.

10955. 666666, 66 6., 6666661666 919.
661166 (paganus) 1611 666 666616 66616666, 6616. 3 ug. 6661. 666-

66661. 11666666, zeitschrift 1116 66166111113.

6666616616 philologio 111433- 6666614, 6611 dem plural, 3296.
114111, tuoh 629, 1629, 3821, 4144, 66666,6616611616661384,10884,112136

4510, 85316 1661. 3368. 6. 6661, 6666, 666166, 666 pomo
66116, 11666, 6166666661 109416 66666 4381.

66661. 11166166, 016661111111116 66666161616616661616 4404, 6666168.

66661 6616, wie 8402. 666116, 6616 6. 5464 D.

6616666, 6616666 (pingere), 6. 6661. 666166, 661661611666, 16666661666
66161 1581, 1849, 66161 61166 3306616666 6661666661, munder
2112, 8240,1952,661614838,5811, 6. 6 qu. 5412.

6254, 10931. 666616, 66116. 3 ug. 66612484, 8349,
66161666, 66161666, 61616661 2920. 4249, 4463 D, 5154, 61. 666661
6616616666, malon, 6616666166 4244, 45116 conj. 8 ng. 661661192, 6666

5515. 95226 rut. 8 666. 66666 1982, 8031,
6616661, 11 611616 6. 9646. 8386, 4444, 5465, 5651, 9981, 61.
661666, »perche qui supporto 66 66660613262;6661. 3 ng. 66661

16616 4854, 6931 D, 9864. 3815, 4048, 5221, 5539, 80816 6.
6616166 2620 (6666666), 6. 6661. 666611 66116. 666661 9614.

10294. 666616, 6 6166 6666166, 16 6166666
6616166, 161616 2600. 6666611616 1295, 100026 66661.
6616616, 66166166 3550, 3559, 5253. 3166166, 11161 66 8420.
6616166111666666666666) 5958, 6901. 666116, 1161166, 1666666 3186, 38496
66116 8683, 6611666666 p. perf. fem. 6161 11661166 95356 66166 666·

66116 9961. 16666, 666-11611666 3916.

661616, 63616 66661. 66661656. 66666616, 66666666616366 4201.

66116, »6616666 616666 666 16 1666 666, 61666666 34986 66166111, 16 66·

’ 1616161666 66 166666 1590. 111 6. 5402, 6166166. 3491, 6166

6616, 66666, 66166616 4639, 5321. 16 16 6. 1188, 16 6. 6116166166

666, 61161 (666 666 61161663) 4259, 11656 6166166116 66661, 666616166
10120, (666666661111666116) 1642, 16 6. 4325, 666666166 16 6. 4542.
(vom 361661) 6626 D. 66666, 16. 241, 46156 6. 66 6666661,

6666166, 1666114681, 5218, 6. 666· 61666 161611 6166166166 38486
6166 2868, 1661. 116666166116616666 61166) *15606

6666, »666666 6248, penno Β. 6 16161 166666 6666 114516 6.

Amol· 66 cmm 37

 

