679

616666 (166116), p. 6116 12691 661.
616666 1116, 1301, 5495 Β, 60531
16161. 7511161, 616166 1251 p.
6 6., 1166666116 6127.

61661 (pejorem), avoir 16 6. 4877 Β.

6166161, 166. 1166 1111616611 7535.

616666, 666666, 666611,1116166166
661 lanne 1404, 2310, 2703, 3866,
4576, 5562.

6166666661, 6666666661, 11666666
3692, 4719, 4729.

61161 (61161661) 6149.

611 (66161) 262, 3689, 5467, 62461
61611 16 p. 66 qu. 9153.

6111666161) 2380, 2887, 2891, 3823,
4212, 4752, 5063, 5751, 6587,
710610696.

61166, 6166 5391.

61661661, 1161611116 6626 Α.

61616161, 66 66 6611661 6., 6616661
16111 1166 61661 1161161 reden 6919
3161616166 9486, 11246.

61616, 116666 4638, 5456.

plaigne, ebone 3829, 7971, 10350.

61616, subet. ebeno 230, 3121182,
96111 661. 6 6., 161611*7851
616166 16166666 6412.

61616616 (plangere), 6111. 3 16. conj.
plaigne 103481 661. 6161616860.

616161, 111666 7319.

616116 (wlepem), 6161. 3 16. 616111
335, 6158, 6533, nonj. 616116 74871
161.,616111 59211 6. 61. 6166
5307.

61611, 16666, 16111661 66111166 p.
5030, 5052, 1661611116 p. 6220.

616666, 1166 1208; 16161. 611116,
Dici. 66161 plancho 4⁰3 breti 4684,
6661669508.

6166616, 61111616112079, 6161161-
boden 39141 61666161 1364, 6915.

61666666, 1611 3575, 6487.

616661, 6111166 6832, 5872, 6925.

6161611, 61611611, »lieu 16111116 66
palimedes« 3751, 7530 31 16161.

7611161, 14161 zu 40731 Octavian
6113684.

61611161, 11161166 2538 111 6661-
66111666 1357 D.

616111, »ee 666661616666616166161
3891 1611161666 5022, 5092.

6161, lelio 3117, 4520, 5135.

6166166, »1616 6616161 66161 66
plomb· 10170.

6166 (plumbum) 43461 61666 75261
16161. 7611161, 2116611. Gille 66

61666161, lanchen, 1166116166673061
161617611161, 1161 16 369.

616161, 61211 161. 3 pl. 61611661
6540, 7787, 8313, 6166611661 7787
111 daher 616 substantive.

61615192.

6161611 3686.

6161616661 6646.

6161161, 1666661611612610, 11337.

6161, 16 661666661666 61661 66661.
6161116053.

66611616616116161615877, 81921 66·
66 661 66166111

666116112043 Β, 9325, 6661111 204,
4415, 7608, 7886, 8347.

poi (66116616) 5137.

661661616,3270,58251661666613258,
5811.

6616, 1666611666612614, 34711 161.
7611161, 14161 6161111 116161 6616
und 8666161, zeitschrift 161 16-
161611666 7611616616 IV, 404.

6616616 (pungere), 661. 6616616166
2500, 41611 11. 6. 16 6611113642,
3893, 5746.

66161, 1166661116 5581.

661616, 6661615293, 5894, 7821,

6611, 6666 3079, 4346, 7526.

pole (611661) 81137 116.

6611161, 6111166116616161661 1440
1164166, 10433.

66111, 661166, 16161666 7535.

37*

 

