590

1857, 5. 448 55 95, 15515. 1867, 15155115, adj.. 55551 t. 8784.
7111, 342, 14111551155355 1870, 15115, 51655655 5274; 555555 151151
55151 555, 1715155151 zu 23 851-
5151, 11155515 55 2898; 1151555 1511115, 15115111, 5511555111 1194 41
zu 296 21 1555 55 517560135- 555555

1555115551155515); 15115155 15115155 2428, 7401. ³
1511 5812111151 55111 103261), 151115, 511351 3542, 8628 ; 1511151 g

5680 D.

151 1511 55151151 17716. 4710, 4745; 555555
1551551151, 51555611515, 5511115155 151618081, 10796.
2858. 1551, 1155115451), 6707 D; 155
15155151, 515115 8464 B. 7300 Β.
1551515, 551113 1054,1104,4494,8928, 11 = 151 508, 1578.
9717; 555555 1551515155516138. 11515 (1511155) 7577, 11052.
15515151, 551155 4494, mildam, 115515, 515351151513 2861, 4123.
, 15101355, 65551 5135 15155155, 111551 (11155555118475.
1551511555 wasser 6867. 1115, 5 1., 5155155511 dem anderen
15555151, 51151155 18595128 Β, 7482. 1016, 1022.
1555555, 51151165, 4802, 6488. 15511515, 3511151551 102551 15131. 5
15111115, 51115. 1531511. 1555 5149; 1515151, 565555115155 1179.
5. perf. 155115 4851. 1515 (155) 1278 ΑΒ und 55511,
1555515, 65111151 8092. 1555 D.
155551551555115, 1511552126, 4007. 1511187041 5155. 8 53. ind. 1551
15511, 5155. 1 53. 11553 728, 3608; 8281, 9206, 10970, conj. 151115

conj. 3 53. 115355 7017; 151. l
53. 1551511856,3 15515 1161,
1981, 2 pl. 155155 7006, 8 155·
155111083; perf. 1 5311531842,
81151 161, 8017, 8502, pl. timent
5431, 872ος 15155151. 53. 1155
7396, 51. 15555 1203 Α, 10739;
155111551515153, 7232 ; t. son

108; perfia 53. 1511 1785,51
15111551 1749; imperf. conj.3
151151 9231 ;. 151. 3 53. 1551111
8342, 8848, pl. 15511551 9765ς
5551111. 8 53. 15511511 8806, 4873 ;
5. 5511. 1515 8813, 4624, 7280,
7875, 1551. 15155 2104, 6868, 6380,
6718, 9887.

5151153091 1. qu. 157411 1. 15 15155, 511351 Ι11987, 7766.
5151555115 6055; 55 1., 55 5155 155, 155166, 51115515 4579.
551155 6517 BD; 1. 555 55155551 151, 5115142211.

7066; 1. 55 5155551, 551511 551155. 1515151, 5511151555, 15151355 7684.
15515515551551153553,51511151553 1511115, p. 5511. 15154212, 4221.

5159; 51111516 10951.

15115551, 515151 2075 D; 555555

1555515551,5555151608,6609,16810. 1511115515 12801238.
155551, 55551155 284, 419, 4224, 151551, 555. 1114, 1520; 155115155

5426, 7690, 9924.

155111, 5111165555, 55551155 8148,
4589 l), 6500, 10255 D; 11. 51-
15555 155555, 55355 8840.
151615, 5511115555, 51415. 8 531151.
151110816.

1515115377; 1. 1515155 28381
11151515518629,1.15551555554277,
1. 5 6551155155 4571 Β, 1. 5 pis
5467, 5515155555 55111 1114,
1. 55 15155 5689, 9928, 10747,
1. 55 51515 55 1555111155 6024; 1

 

