441

9610, 9529, 9680, 9711, 9726, 9769, 9858, 9921, 9936 510 9938,
9942, 10047, 10062, 10064, 10084 und 10086,10171,10194,10211,
10216 510 10220, 10240 und 10241, 10918, 10372, 10385, 10451,
10458, 10483,10604,106100011 10511, 10603, 10607, 10635,
10668 und 10669, 10736, 10760, 10826, 10860, 10869 510 10877,
10887, 10927, 10987 510 10991, 11093,11176,11187,11221,11241,
11246, 11290, 1136611368, 1140611412, 11436, 11447, 11466,
11472, 11476, 11479 und 11480, 11484, 11486 510 11489, 11614,
1163911603.

Es sind 111 Β nach folgenden 1010011 einschiebungen vorge-
nommen worden: 884, 968, 1378, 1760, 1834, 2212, 2406, 2464,
2499, 2749, 2980, 3030, 3121, 3386, 3409, 3623, 3678, 9727, 9786,
3814, 4020, 4070, 4158, 4270, 4446, 4496, 4627, 4668, 4696, 4644,
4676, 4746, 6062, 6128, 5217, 6277, 6417, 6437, 6622, 6664, 6681,
6764, 6823, 6008, 6009, 6103, 6142, 6230, 6264, 6296, 6383, 6412,
6600, 6802, 6828, 6836, 6936, 6964, 6969, 6986, 7016, 7028, 7033,
7036, 7039, 7062, 7060, 7087, 7166, 7310, 7863, 7869, 7929, 8003,
8304, 8306, 8307, 8346, 8442, 8466, 8646, 8668, 8673, 8711, 8714,
8793, 8964, 9060, 9269, 9276, 9302, 9314, 9391, 9430, 9496, 9619,
9623, 9724, 9726, 9731, 9738, 9748, 9771, 9844, 9926, 9928, 9934,
9961, 9963, 10004, 10027, 10042, 10046, 10144, 10206, 10226,
10227, 1029910260, 10266, 10336, 10366, 10379, 10387, 10397,

1040010014, 1001010140, 10010, 10011, 10000, 10000, 10004,
101401011010100, 1010410000, 10001, 10001, 10000, 10004,
11100, 11001.

Ηο11110011111100 0, D, Ε.

Woglassung von 1010011 1040101011111 0414, in D 424, in
83811101.

Einsehiebung 10010100180110101011111 0 127-,111 D 378,
111 Ε 1011101.

B.
(1001010001100511010111100011 von 11101 oder 0101110100 50110011111011
den iibrigen gogoniiber.
Ηο0100111111011 Β, O.

3010111011 1110101001 163, 184, 342 510 367, 367, 430, 473.
617, 680, 621, 781, 1026, 1099, 1100 510 1106, 1191, 1676111111
1676, 1829, 2182 510 2184, 2190, 2194, 2672, 2869, 3824, 3996,
4674, 6418, 6471, 5806 und 6806, 6811, 6816 bis 6823, 6196,

 

