120

11616 16 66 terme, 116 661 11 61 promis ;
1676 A grant 666116 66 16 661616 6616,

Pol 666661 6616 666 11616166 61 lieris.
11661 116 66661666 1166; 66 666 66 6616616

8611666616, 111 les vers 6 666116,

Et vous 6661, ti 166 6666 6161

Explicit li 1616666 1166616 66 cartago.

Ι

1160216116666...161111661116. 11603 161111 B; 6 molt ...16 61 '
1666161661 66616 [66661116 abes 61 6166616 Μ61666616616666 661 11661611
16 6616 11666 161 6611661 6166 61 6166166] 0. 11601 616661(6616) 0.
11606 161 a 616 B; cil qui 61111 romans 61 116616 66116 C. 1160161
611 616611661 6661 166 6 616 [161616161 1616161616666 666116 Du 1166
661 661616616 hone 61161116 16 666 661 6166 161 6666611. 66616 Ne
6166 avaut 666 11616 66 1666 666116 1161611661 boire 6611 661 bien 6116·
616] Β; [666666 666 61616 66 ingloria 66 6116616] Explicit liber 66
roman 66 666161 16 6616666 Et 661 1616 1666116666666661 66 6611666
[La qual 6616 16161666 6666616116] c; Ε661161111161666166116616. ,[11
de 16161166166666166616 Dog. 16 61661 66 6666. 16 1116 01 vient
chanaon 661 bien doit 61116 66 6116 Tele 6616166 661 1166166 6611611
616 6616661 16616111 bont 1616 666616 De 666 ,111 116 661 1661 161661
1161616 cil jogleor 61 666 66 661661616 116611 666 666661 16616116 6661
616161 1111611666661166611616.6161116 Gonme li 1616 66. 16 11611
16166 16 16611 16 616 6616166616 11661 6161616 66616 16 6616 6661 61611
1166 661661 6666161 66 6616616 Vos 661611 joie 61 6611 661616 amia
Quil 611 bien 1666 de boivre 66 bons 6166 066161 16 16616 61 16 661661
161 6616 Si 61 montier 6166611161 6616666111] D.

 

