365

Li 0001010οε 001, li murs 10110 000000;
La 3001 paiens 100100 10 vile 001000,

unsa 10010100130100, 00011110 01 300100,

La 00010100 1000 1001 prise 01 conquestae:
Es vous 00 0000 00130001 10 00010000,
Ki s’eseria 0 0001300010100000
,1100011οε 0100, 00 1001 0000 10000001

mun 101100 00100, 100 vo 300100110000001
1100011 Κο0100 010 10010 0000100,

111 1001 10 1000010 01001000000001
1100 00010 00 vi 01 1010 001 000001100; “
Ηο0100 vous, 0100, il 00110130 0000011

mm 1100011οο 0 10 parole 00000100,

Bion 00101 0011, 1111 0000110 0000100.
80000 0 101100 1010100 1000ος
00001010 0000, 1100 00110 gent 100000,
Κ’11 1 000 10101110 0100 000000.

00000 As 001000 000001 01010 3001 1001000;
0000100000 000101010 3001 0000000οο,
1101000100 100100 001 1011100 00000110ος
1001 1 00011 10 10 3001 1001000,
’100101010οο 00 001 00000100;

, mu 80100 001 1011 01 00 000100 000000,
10 000000 000 000001100001010 10000.
00001 0001100 00 10 10 3001 0000000001;
11 0010 1100001100 va 00 300100100001,
.ΧΧΧ. 001 000101 ΙΧΠΠ. 01010001,

00000 000100 00000100, 01 1000011001 0001001,
100010010100 10000 01 3000110ιο 100001;
0000000 1000 000100 000 10101110 30001.

0000000001 00 0001 1001 00003001,
2¹

10138 fehlt D. 1013810111 0. 101421. 0110001010013010003

q. 00 00001300 0 00 3001 D. 10144 10111 D; [00000 00νο00001 0 10-
101110 0010000 11100 semblent 3001 10 0001 10100 03000100] Β. 10147
110101401010100 0. 10149 quil 00001 10 . . . 0100000 B. 10150 k.
000000101000000011. 101110.10010...10ον0011; 0. 01 100 3001
00000 D. 1015110111 D. 10153 3. 1000000 110 1. 1 0 0000011010
0010...100000 D. 10163 0 0100001 0000001001 D.

 

