550

251, 1472, 8211, 4794 1 10101. Tob-
101, 7000100610 30111600 0. 271
010110 nu 1681 101060010 88221
1010 0 0010 7033 B.

comior, 0610060011 1373.

0011 (0611010) 27, 142,196, 222, 281,
388.

001610, 00610 10048, p. 01. 00000
1642, 10876 1010, 0011000 9817 Β.

00001, 01101110 machon 1305.

0010, 0601111016 1880.

000100, 0001601110043431 10101. Du
00000001010010016040061111110,
niet. 00101 00100160.

00001010, 0001οἰ001 0016111794 D,
7853 Β, 0001 0001110100, 000101060-
60002637110101, 1610101, che-
101. 00 81541 061. 0001000001οη1
7023.

0001101, 00600160 24491 000101,
0100001 2882, 000010016οο 10521.

0001111, »00116 jandin 0160011010
000 0101000 6001100001 3873.

00011100, 6011600110 8381, 6950,
7411.

001110, ellenbogen 8360, 0060 Ι).

000101110, 60010160 5656 Β; 10101.
Meyer-Ianne, 0101001011111. 115.

0001011101, 001011101 (0001611010)
3214.

0001011000, 60010110 7918.

0011100001, 00100001, 606ἰο0000,
660101010011 1346, 16681 101-
6061000 75711 adj. 5101, 9660.

00100118143, 101. 3 0000100111
408, 3397, 8401, 5490.

001001, 6061001100170, 11601010-
110011000 2234, 4064, 9412, 10834.

001100, 6060600 10805.

00110101, 600110 62871 0110110110933
01).

0011011110 6328.

001111, 1011. 0061101000 5271 060.
0110. 3 00. 106. 000110 38301
11. 5966; pl. 0001100144021 0.

0160. 00110111 34611 p. 01. 001011
60600111 1374.

010110, 1061101011 11469.

0100, adj. 1011 3531, 5064, 10224,
10521 Β.

010100101,010601110110111476, 3473.

0100000, 010060 7998 D; 1101111000 1

9616.
01000101,1010106010, 00 10110 010001 1
0108. '
eremit 3165, 41701 0150 8 00106.
0110016744, 11012.

0100101, 101061 6283.

010001, 01. 0610100101, 1110001ιί000
3018 BD.

0100100, 001661 11238.

01000, 10000110000100, 0011600011
82271 010000 *77. ¹

0100101111111011 107891 6100010 n
01001001 4705, 104221 0110601
1084.

0100101, 01000 4778, 6802, 7978,
10523.

0100110001,100100 10736, 10688 Β,
10894.

010101, 0116100600 (1001 1000) 3395,
11561100110160080791 00 010060
00600, 00166101 werden 10697 Δ.

01101, 10100 87571 c. 1001061 413,
5611 010000 (100 160010) 34321
10101. 1610101, 11101 00 3738.

0110110οΙ, 0060111011 5569.

0110 (01100111) 8031 011001010, 10 0.
61010 643111 origne 646 Βς 10101.
11100 776.ι 11 258.

010110 (0106010), 0160. 100. croi 821.
2107, 5148, 5981, 3 01011207,
8505, 8790, 2 01. 010100 82861 im·
perf. conj. 8 00. 010101 (6100) 1387,
3127, 86201 101. 1 00. 1101101 1847,
1945, 5914, 10740, 010110110740
D, 3 110110, querna 185, 1988,
2113, 010110 D; vergl. 6610101,
nio} 00 1178 006 2016061111 161

 

