559

111111,1111111111 238, 499, 1570, 3732,
7150 Β, 10260, 11593

111111, reihe 6337.

1111111, 1111111 80781 11111. 3111111,
1111111537.

11116111, 1111111111 3810.

1111111111, 1111111111111111 1231,
3841, 77218613, 16011 ; rofi. 11111
11111111 1798, 2204; uber 11111111
1111111 1111111111 11131. 11111111,
8111111113. fur 111111111111 Phi·
lologie v1 633.

11111111111, 118111111115659, 111111-
11117986.

1111111511, 113 werden 33, 3131,
1393, 5668, 6366, 11118; 11111-
1117519.

1111111111, 11111113905; 11131. Voll-
1161111, Octavian 11 2280.

111111, 111111113510, 10282,

1111111111, »1111111111 *9362 116771
vergl. Godesroy 3, 404.

1111111111,151. 1111111111 4807.

111111, 11111111 9769.

11111, 1111111111 3692.

111111111, 161111, course 11111ρί1111
111161 vergl. Τ11111116111111
1576, zu 111111 281 3511111, 111-
1111111111111 5178; (1111111113,
148; (111 verbum 1111111 1111111111
10252.

1111111νοί1, p. 1111111111. esco-
11111111 612.

· 111111111111111111111010, 1163
118210.

amusement, »lieu 1111111 19861
vergl. Godefroy 3, 421.

11111111, 1111111111 1171, 6153 Α,
8895, 9733, 10218.

1111111111, 1111111111 5666, 7897.

1111111111, »1111111111111 robe 11
111111111111 77156.

11111111 = 111111 7831 Β.

11111111, 1111131111 9166.

1111111111, 1111111111ρῖ 767.

1111111111, 11111111, 1111111111 6521,
6929; vergi. 3511111, 11111111111
zu 5525.

1111111, 1111111111) *10251.

1111111111, 1111111111 6671.

111111, 11111111, 1111111111 1690.

1111111111, 1111116111 3340; 1111111-
1111111,111111111111 9426.

1111111111111, 11111111 2113.

1111111111, 116. sich amtrengen
7320.

111111, 11111111111112295,4213, 6528.

1111111, 1111111,11111111111111 1102,
1161 Β, 7332, 9927 Β, 10577,
16678; prus. 3 sg. 1116. 1111111
6461, pl. 1111111111 10663; vergl.
111111-111111111, (1111111111 1. 223.

1111111, 111111111111 5039 1).

111111, 111111 3112, 1517, 5138 Β,
6233 3 11111111359621 1111111111
1515, 5110, 6237.

111111111111111111111 1611111131.
(11111111 3, 463.

augurer, 11111111, 61111111301111
1111111111111 61351 abs. 111111
9136 B; 1111113111, 1116111111
8961, 10762.

11311113111111, 1111. 168091 vergl.
11111111, 61111111 zu 655.

1111111111, 11111. 111111111111, »ba-
11111 11111111 1111111111111122,

11111111, 1111111901, 6841, 7334.

11111111, 11111111111 8991 ; (11111111-
11111111, 11611151111, 15111151111
1875, 111111111ιὶ11 1386 D.

eskignier, 1111111111111*6701 Α ; 11131.
61111111] 3, 390.

11111111,1011111115638, 73911 11-
1111614655.

11111111, 1111111111 (von 1111111111)
1727, 4098.

11111111, 1111111111, 11111111 132;
11114288.

111111, 11111111 1383.

 

