465

li 515 515151 (cesus 551.) 1254, 1264, 8899, 555555 151 1513, 4970,
1515 1437,155 (= 151) 4612, 5115 242, 1073, 1115 283 556 114913,
151 647, 4935, 5457, 11019.

0555555505,55515551151515, 55115 294, 55515 1005, 1503,
7891, absolut: 55515 8432, 5 cestu 2130; 155. nom. 55. 51115 292,
neutrum: 5551 994, 551 ho 1995, quelche 5420 , 51 556555555 6717.

1115 possessive merke 155 5555 55; 15 551 5034, 70065, 8470,
10198 55555 15 5555 6000, 555 10917, nnio 10933, 5151. 551 415,
55 888, 551 (555151) 5980, 555 6115 419, 15 551 9829, 11062, 15
55 4203, fem. 515 6415, 55 8946, 11513265.

Pronomen relativum 556 interrogativum, 555551, 55. 555 (51)
108, 529, 555 (5551) 536, ki (quel) 2040, qui (153) 957, 7719,
7763, 10793, 551 (551.) 87, 2411, 2552.

21. 1155 55515511515 5156 5555 55 5155555511, 555 1087, 55555
655, 65 1903, 655 5768, 655 5112382, 65511555 3149, 55655 2417,
1115 7919, quatro 9640, sinque 2248, 55515 9989 55555 551511265,
5515 5637, 655 5115765, 655 (XII) 1029, 7559 55555 6555 3329
556 6555 10200, vergi, 16555555, Sitzungsberiehte 46, 220, 5515655
100865, trenta 5114564, querenti 10159, 51511 511, 6555555 51511
51115102005,15155 112955, quarto 1117, 2266, quinto 5608.

22. 05515551155. Praesens 155. tegno 728, 3608, 115555
4939, 55555 746, 4426 55555 551555 1838 556 5558866, 6155 5368,
5155510575, 2 55. 551933, 355. 5155615 2482, 565 (51) 1888,
55115 2451, 15551 (7) 3133, 555515 637, 515515515 647, 551515 641,
151. 55555 461, 5555 9375, 555555 2592, 3 51. 5551 (555551)
2348, vendunt 3065 (515 11512933, 5186), 551 (stillent) 8578,
0551555115 3 55. 555 6102, 1516154925, 655151515573, 55516090,
lassi 8943, seniendi 107645, 55555 8274, 5155559593, 555510096,
561565 10109, 55555 6551, 6551 5555 6511409.

311165515551155155 5555 15111511 5516555 und 5511555 55-
55551111, 555 65555 5151515 1515 inst 15551, 15151515 8942 551-
115551.

Ρ51155155. 155. vigne (5155) 4964, 155551 7622, 11551551
8689, 355. 55511 288, prendi 604, 55612132, segni 5765, 1551
10329, 1551731, 551 (511) 1550; 55115 10342, 15555565 8776,
55555 4914, 55115 6517, fisse 56855, 151, 5561555 9415, 351.
55515513146, 155515513828, 551151551 3978, 11105, 5515551551
5555, 515151551 5607, 5’5511555551551 5976, jostnrent 6381, 55555-

neseis 65 Certent 30

 

