322

116666 29. 81. 11166, insol 2501.

Μ6665665, 81666. v. 187. 202. 249. 11665 96. 100. 233.

666665665166 223. 1166666666 28.

116666 201. 203. 205 1. 208 1. 215. 116566665 (11655615) 126.

moy 61-11615 119. 11666666 52.

1161666666 59. 82. 127. 129. 156. 1111665666 61. 14. 30. 62 6. 63. 259.
162. 223. 242. 264. 1166665666, 2666. v. 178. 167.

- 1. 24.

- 11. 53. 21. 36. 88. 90. 181. 225. 01661616 666 661566 98. 106. 115.
235 1. 293. 122. 129. 140. 191.

- 661566 v. Aegypten 225. 06666 298.

1165666666666 (1166666, 6666666666) 06616166 203.
38. 38. 103-109. 121. 128 6. 6156666 5616661665666166662241.
143 6. 1431551. 15911621. 66666 vom hl. grube s. 6. 1666-
1626. 189. 193. 201. 202. 212. salem.
215 6. 220. 229. 235. 238. 242. 66666, 66661666 s. 6. 1666651666,
242 6. 222. 299. 3031. 303. 86666166666 6. 6. w.

11611666, 0666. v. 12. 66666, 666 661556 666 hl. 6666616-

6666666 6. 66666 6665 81. 666 8. 128. 163.

1166616666, Η666 65. 06666 105.

116666 20. 065661661 142. 145.

11666 2181. 066566165 52.

1166566 191. 0556 v. 6661616638.

0566656 25 1.

1166661264.

11666116 253. Ρ6666 2111. 29 1. 32. 54. 92.

1166666115. 1615651666 (lage, 111666 6. 166655·

1166666516 296. 5661615) 269.

1166661 u. Neapolitana 231. 243. Palmsonutsg 137. 141.

- 15613 v. 55 1. 58. 77. 79. Paphos 91.

Neapolis (316566) 299. 6666166656υά6 2131.

11651 6616666611 1031. 1116, Ρ6666656166, 16665. v. 62. 116-

11665666611111. 66666663. 1166616666 63. Christ.

Nicodamus, 16. 203. 63 066666 63. 1166566166 63.

111661666,51.22. 16563. 865665. 63.

11166166656666 89. 1166666620. 261.

1116616666 v. 6. Plus 15 f. Parma 51.

- Pisanus 29 1. Paros, 16661 33, 2511.

111666, 655 205. 16665663, Wolfg. v. 67.

Nicopolis 109. p2sss: (16551666 111. 166. 3666666

11166616 (16616616) 91 ff, 17. 1166566166 12. ‹sl-Hm

Niger mona 96, 200. 210. 6111166111 210. erh-

Nil 215. 219. 222. 2261. 231 1. 234. kin& 193· 111111· 210· 212· 01· i

238. Watiys 201. 212.
1111166661 215 1, 234. Patras 29.

 

