556

51 = en le 8064, 5327.

01 = ele 263.

51 (5111551) 2489, 2647, 3374, 9380,
9896.

51551155, wahl 6478.

51511155, 55 5., 551511155 4386, 5 5.
5422.

5551555551501.151515515551115155

5511111511511. 5155 5555155155 10746;

11. 1399.

4802,5131,5666,6327,6605,7061;
(1555155511551, 5. 15555, 055
555110 mit 1151555 15155555 9433.
5115515151, 551551111515 4258, 6891.
enbricone, 1515515515, 15155 10397.
55551551, 15555111 3857.
5511515151 A, 5511515151 Β, 115555
7076; 55115055 7877 Β.
51551115, 65155515 11445.
5555555151, 151151355 2635, 2696,
3038, 5238, 10777.

5151115551, 11. 5516555155 268, 5547, 555555515511, 1511515555 7764,
· 7309. 5555111151, 555155055551155 9076.
5151115151, 515515515055 6419. 51555, 55 5. 115.

51551555, gebeugt 3099; 5115155 555115, verbeugung 8120; adj. 55
88891). 55151, 15 5151555115 808, 6055.
55151555151, 5155 5051155, 551555 10224; 1515. 55511551, 11. 8917. ,
768, 1717, 8858. 9288, 9421. j
5515555151, 15 055 5151515511 legen 5551515, 515555115051, 5155. 351. 5
3858 B. 150555165512982, 3255, 3267, p

5155515015, 5155515015, 5156555105. 6826; 5511. 351. 555155551 2640,
355. ind. 51555151, 515551512421, 2756; p. pf. 555155 2677, 4527.
5222, 5506, 5883, 7287; p. pf. 55551551551551, 5115511 2135.

51555151, 51555151 4226, 5092, 55555151555516511555,51505154264,
5865, 7857; 055515155511115551- 4281, 5553, 7353.
551515, 5150555116 3857.

51555111, 515155555; p. 51. 1515. 551·
palie 695, 5626.

5111551561, 5555151515 werden 6867
BD, 6719.

5515515515, 5111 1515550555511
15155555 887, bien 5. 1718.

55155116, 50].5515015033, 8047,
9171.

5515511551, 5515551, 1515155555515
*6274; 15151. 65051155 3, 51.

5555155551, 111151, 5555555105 2216, p
2531, 8179, 3190, 8964, 4432;
15151. 8515151,1115115 793.

55555115, 1515011555 5555511515 j
1555, 55511115 1511. ’

555551151, 55555555, 11. 2720, 6183

55555111515, 1515011555 5555511555
8279.

55551, 55155511 6036.
5555111551, »551111 (15 1551555555
629 D.

55555015, 51551555, 551. encousu
882 .

55555115, 5155, bei 9884, 9913.

555115515, 5555111555 8576, 11142 B.

5111551151 5578 BD.

emploier, 151551151555 258; 5165.
3 sg. ind. 5155115 (155 grans saus)
2482, 5. 55 5555 5219, 5511155555
6415. 5551561, 5111555555 1484 D, 9704.

5551551, 115155 151115555 977, 7089. 5555555151, batt-agen * 7090 Β.

55511555, »55555111 05 5511 551 5505515111,51’5.179,196,281,3297,
15555515 5555511 15 bras qui 155511 5505515511515, 501. 1115155555 5102. ,

15 1155511511 1450, 3114, 8640, 5505511155,1515155015,55155111704

 

