536

1991919191, 919. 9191 1191191 5284,
1911 werden (191 1939) 6899;
11. 1191191 6422.

99111, adj. 91191191191, 91391911
8124.

9911191, 91991911913916155, 68031
p. 1199911191119119175561 191.
8365, 4912, 5518, 6858, 7407,
10811.

99911111, 911191191 (191 wege)
599, 1181, 6335; 9113191191 7911;
pris. 3 93. ind. 91111 10652,
10655.

9111191919,1919111991911 (191
191109) 2616.

99911191911, 1919111991911 (im
ieindliehen 91119) 1590, 6642,
10324.

1999111191, 1111191191 1757, 2211,
6078; 111 jem. bekannt werden
1509, 3894; 191. 9’9. i. qu. 2615,
4912, 5233; 9’9. 09 qu. 8058; 11
9191199191 91119 6912; richen
5710.

99919191, 191. 1919111191 6441;
p. pi. 696, 3866, 7489.

“ 999191, »passer 911911 01 eon«
6458, 6523, 7668.

aeomplir, vollenden; 9. 991191
532, 5042, 191 der 9911 5603,
9274.

999191119, 999191111, 911919191, ein·
hoien; p. ρ119.99ο19119112700;
p. pf. 1999. 9991991 7221,191.
99919919 675ος perf. 393. 9991-
911111061.

9991191 = 991191, 9191119111253.

eeopler¹ 119911911911911450280.

necorde, 1919611113 6302.

999191, 99119 99919 09 19191911
5417 Β; 9. de 199999 8417 D;
19131. 09091191 1, 77.

999119, 191191199191; p. pf. 999111

9999191, 9191 nehem 5170.

9999191191, 1911111991 8947.

9991191, 999191, 9191191, 9191 eni
den ellenbogen 9111191 1714,
3838, 3865 ΒΕ, 4074, 7806, 8403.

999(1)19191,91101191190991916787
D, 9254, 9828, 10154; 191310909-
1191 1, 84.

991991191, 1919191911, 1999119191
5415, 6032.

991919119, 9191991991 191. 8 eg.
9919191919 *126.

90919119, 191. 091119101991, 911911
131999909191911 1473, 3663,
5084, 5757; p. 31909119111113
2662, 8712, 9756, 10261 B.

edens, 111 dem 39919119 39391 die
9109 39119111 784ος fiber 99 dem
19131. 1019191, zeitschrift 1111
1919119919 Ρ111919319Ι 147.

90911191, 1191191991 911 199 dente.
19 119939 991119 terre« 2863,
10403; p. pi. »19119199911199
9911111661.

ades, 991. immor 1191, 9919. en ²

9. 2009, 3370 ; 9919112790.

909991, 19111191 5864, 6165 D,
10733. ,

90991191, 193191191, 1931911910 be ¹
dienen 5400, 5972, 7802.

9091919111, 91199. ndevnnenisant.
iiberholen 2726.

909191, p. pi. 90919, 19111111 1294
D, 9271 D.

9119991, 11 richen 199991, 1911993·
191981, 11501, 11508.

adone, 9091, 1091113 4899, 5044 D.

9091191, 9091911111, 1191191
4473, 5241, 5709, 6315; *684911
19111919 adobin.

90119,191113 42851 191191 4454,
4498, 5892.

96 (9919191) 155, 2802, 4456, 6948

91911191, 1111191191 1981 D.

919191, 9191113911 3981, 8850,
4364, 4463, 8004.

 

