469

Tenis 1116611166) 3743. 1666 (16116) 4995, 1666 (66666)
1616166 (11166) 1391. 5864.

16611666113911. 1666666 (6661161666) 5946.
tingere (1616616) 8446.

Am ende 661 6661 1161 16616111, 6666 661 666161 11616 6161166
661661 vorlage 61611 1616166666 161; 616 6111 6661661161 16 folgen-
den fallen: fois (661616, 1661616) 41, preg (61666616) 41, 1616 (1616)
52, 661611 (661661) 208, 66666 (16666) 213, parvos (661666) 284,
616116 (6611666116) 311, 661616 (16616) 311, 61161 (61161) 409, giraldo
(611661) 610, 6611616 (6661616, 6166616) 652, 66 1616 (66 1) 139,
16161 (16161) 980, oblier (adoeeer) 981, 166616 6 1116 (66166 1116)
1022, 666116 (6611116) 1025, prende (pende) 1254, 61116 (161116) 2011,
6661611 (6661) 2023, 6166 (616) 2383. 616666 (616161) 2406, 6666616
(6661666161 2601, 1666616 (1616616) 3912, 6161 1666 11161 (66116161)
3111, 6616111 (66611) 3262, 661616 (6616) 4425, 66616661 (66664191,
66661166 (6 6161166) 5422, 6 61666 (66 6166) 5412, 66616 661 661
(6116 661 6666) 5191, 61666 (61616666) 6229, 1611666111 (1611616616)
1091, 666116 (6661616) 1489, 6116616666166 (6 1661661) 1128, 661
66116 (661 661) 9531.

VI. 11166666666611666 466616 von Karthago.

G. Paris 1661661Ι 66661 6661611 661 6661166 gattung der
,01666666 66 6661661 666 61161 zujener ebtheilung, wo 616 6161161
,qui voulurent encore 16116 666 61666666 66 gestes 161661 obliges
d’inventer leurs recits.“ Die einleitung soleher gediehte bilden
1611166661161166666 661 6161161 gegen die 6116661, 616 6161 661
616 ,66616661 6616, 661616 ,616666611666“, auf die ,1161611-
6161161ι 61611161616166; 66161 6661 16 anserem getliehte:

Mout 6 16661666, 11616 a 6616 66116,
066666 n'en 16 le 616116 rime oie.

ιο 0111 jongleor 1666 66 661 611 661116,
Mais il 666 66166166166661666 6116,
Α166 16 6616166661 66116 grant derverie.

ἡ

Ι 1 Η1116116 poetique, 66116 141 161616661ΡΙ Meyer, 1661616166 661
11166666 1161166166, 16116 15.

 

