445

11070, 11130, 11131, 11139, 11194, 11382,1139551111397,11400,
11402.

. 11 11111 1111 511111511111 111111 111 1111112779 5112781
1115 1111 2787.

Η111115111111 Β, 0, E.
1111151111111111151111111111 2880, 3983, 4016, 4227, 4228.
Allo 1111511111511111111511511 1115111132741111 1111111111 111.
811111111511111111111111 haben die verse 2906, 2985, 3255,

3678, 3881, 3920, 4117, 4428.

Η111115111111 0, D, E.

31 115111 11 111111511 111 verse 3173, 3310, 3807, 4020, 4029,
4306.

Β11ο11111 151111111111111 51511 111 1111 5111111111111111
111 1111112946, 2984, 2985, 3022, 3070, 3165, 3206, 3270, 3305,
3466, 3572, 3640, 3644, 3722, 3727.

Η111115111111 Α, (11).

Es 115111 11 111111511 111 11111 2246, 4762.

Η111115111111 Β, (11), Ε.

Allo 11115111115111111 111111 1111 5111111111 151111111111111
1111111111 1111113086, 3094, 3167, 3194, 3199, 3333, 3356,
3368, 3375, 3465, 3566, 3568, 3591, 3727, 3729, 3736, 3755, 3989,
4160, 4285, 4297.

’.11111111111111111111111 1111151111111111111511111, welche
iiber 111 511111511111111151111111 1111116111151 111 violem zeit-
11111111 1111111111 1111111, 111 111 11111111, 111 511 111111-
1111 11511111 1151111511 111, 11111 51111111111111. 811111511 1115
111115111111111111 11111 511111111 1111111, A 1111111111 111 Β,
0,Ι),11 111111111111, 1111111111111 1115111111111111511 111111-
zelnen 11111111 111 11111111111111111111 111 11 1111151111 111 11
115111111111, 1111 1111 sichero 111 111111 5111111111 ihrer
111511111111111 5111115111 111 15111 1111111111151111115111111111
1111111115 111. (1111111111, 11151 1111111111 115111 11 11111 1111
11511111 5111115111111 1111 111 111111 1111111511 1111111111
1111111111111 1111111 1111111 1111111115 11 Β, (1,1) 5111111111,
111111 11111 51111111 11 1111111111 1111111 111111 1111 111511, 11
111111151111111111 111, 1111 1111115 1111111115 111111151111111,
1111111 1111111, 11111115111111111111111111 11 14115111, 111
11111 5111111 111111, 1111 1111115 im 11111111 111151151511. 11511·

 

