12

0110 11 00000, 1000 00 10 00000010.

000 ,,11110“, 101111, „ke 01000 001, 100 10 1101
1000 001 110010 01 1000010οο 01 000110,
111000 10 1000 01 0010000100 100010)

Et vous si estes endroit lui 10 1000 0010.
A garder 101, 00 000 garde 0’0010010;

000 Ρο0 01001 0010000, 101 ’010010 10 0000110,
110 mariage 000110 000 moi 10010,

01100 1011 0000, 100111 000 00111000 01011
110001 011001001, 11 0000 li 0011010.
,1001, 1101010, ,000 mon gabois 101101

000 100000 10 00 10 0010 00000
100010 0011110, 1010010, 10000000,

111 00001 001011 marie 011000000000.
11000000 10 001 10001101 0001000000,
Κ’010 00 00101 00001000 01010000,

000 Γ10010 00100 0000 00 0 0010001110ος
1101000000οο 0000 0001, quan 100 001, 0100100.
’1001 00100001 pensant s'est 10000100
Et jure 1100 01 00 00010 000000,

f. 21 Κο, 0010 00010 01001 0010000100,

0001001, 11010 0100, 01001 1001001 00000000,

Aine 10100 1001, ke 10 101 001001000;

t

254 101011 D; 00001 000 p. 10010010101110 00 11 000001010οτ
000101001001011. 255 (11) 100 00100 100 00 100 00 (1) 00 D. 256
troppo . . . 00100110 00 0010 10000 chevaliers 10 0010 D. 251 richen
100010 D. 25810.. 00.. 000000101Β;010100100000000001010111).
259 lay 0 000 0. 260 000 10 Β; qui 001 0) qui 000100 1011000101).
261 10 mon 0000 01001 000 moi 1001010 0. 262 00110011 Β; troppo non
000 00 fehlt D. 263 0010101 BD; 00110 11010010 00 000 0000101001
0 010 D. 264 000 mon gabo 0. 265 10 0010 0010 0. 266 fu
qui tant 10 00010000 Β. 261 qui 1001 001011 100000001 1000000000 D.
268 (01) 00011 Β; 1000 01 0001000100 0, 269 que 0110 00 00 101011 D.
210 00 00011 0001100 Β; 1001011το 00000 0) quo 1010 joie 0 000 101
00101100 D. 271 (0) 001 0001 Β; si 00 01000010010000 0001 10000
01001001). 212 00010000010; 00010111000001001). 21400010.
215 0100110 .. 000 0011001100 00 01 00 00 00100 000 0000000 00000 D.

216 1001 0010 00010 00100 11010 0000 001000 0100001000 Β; 101 0000 00
1010 000000 0 000000 11 100000 D.

 

