488

einen 1888888 88888888881888 88188188 88888888 188818 881 1888
181818 1181881818 18 818818 8181188 1881111118 1188188818 schreibt mit
8811888881188 ,Η1818188818888 18888 88 que 88 88881118 18 Ge-

neral, en el 888888 188888818188818 18 0881888 (88118188 181
8. XIII) 1811888 88888188118 18 188118188 18 11818188 8 1818-
1188, 8888888181181181 81888 8888888888, que 888 188818, geber·
88188 18 Ε88818 888 (1881888888, que 1888 188888881818888818,
18881, 88 888881888, que, 88888 8188818, venge 18 18818888 18 88
11888 118881118 y que 88888888818 11188811.
[18881118181888811888 88188 8181188 118 88118888 geschichte
881881188 88881888 188 88818881811188, 8888 8188, 818888 genom-
men‚ 1118188818 von Karthago nieht mehr 18 18188811 188881.
11881 Ρ8188 Ρ888881 11118 181818 1111188 118 1888881811 iiber 818188
1181111888 18 Astike ausgeiibt. 1111118881 188 graf 1188118188 1881
188181181 81818181, 88181818111188188888 1881188. Β81 881888
81811818881881811818181888881 881888 18888888 88811 und 881818 es
18188 1188188 18881, 188818 ganz 8888188188 weffengebrauch 888-
181188 88818. Α18 88 1888 wider 888 81818811888 188 1811818
88818 1181188 8888111811 188818, 1881 88 8811 188 efrikenisehen 11188188
818 8118888888, 18 18188 188888 888881 11111888811888 8881 sein j
888118188811818181 gesehlegen 8881881. ,
Der 88888 1111881818 81888881 8881 eus 88118888 8811; 181818888- “
nen demeelben 888881 18 188 ,Η1818818 888181888181888 188118·
181881 1881118888188 Abenterique 18818188 1187 ³. 118 181 nieht
88 181111888 8818111, welche in 88118888 8811118 88888 geschichte
von 18888181888818818811881811888 18 818818 gestent 18188 ⁴.
Alsheuptgrund 1188118181 man den 88881881 8811881 88888811,
1888188 188 8888188188 8188811188 vor dem 8818818 888 81188888
81888 1881188 Iuliane 188188 8888118888 gesehieht ; 8881, 1888 888
18881888 188 88118888 8888118118881881188 118 88181818 818 118
1881188 Ι1811888, von anderen 818188888 881118 1188881811 88181 881
1888888181888 11881181888888 81811 1181881881 88818888 8818 888-

818888 1111188 188 881811188 gewesen 881188, 11888 881 11811818
t

11111 8 1881888818, De 18 Ρ8881811888188-Ρ888188 0881811881
88118111. 2111118188188818, 11818Ρ88818, 88118117881111.
3 111118 1888188818, De 18 8881888118 123. 411111. 8 1888188818,
11818 Ρ88818, 88118 1241 88881. Historia (1811188181818118881888 espa·
18818, 888 Don 1881 18818818188 11188, 1181811, 1864, 1. 1188118161.

 

