64

Η1111111111 Μ1111111111, 8111111 11 81111111111, Ρ1111111
11111131, Johannee Sehiok 11 Seekendorff ⁴, 1111111111 11111-

{³

bei (111 11111311111 111 8111111111311111111. 8111111111111411
11116111321111111, in 11111 wir wohl 111111 111311 11111111111 11111,
11111111, 1475 bie 97111111111111111111111, 1183 1111111111 11111191
1111111111111111 und 1111111 1111111 (11111113. Er 11111111111498 11111- ,

(11111111111311111111111Ρ11111111, 111111111111111111111111111111, ¹
wie 111 1111111111 Febris, 1111111111111111 11111111111111111, die 21111, ξ

111111 01111111 1111111111 311 11 mel in Ρ11111111 wer, 1111111111. i

Vgl. 11111. 177. 121171. 185111011111318911. [11111111311 1111-
1111111 euch 111 111131111 111 Schwenenordene eine 11111111311111
1111131111, 111111 111 15111. 1515111 111311111101111111111111111
111 11111111 1113111111. 8111111.-111111234. 1131. 1161111.11111.11111. 106.

1 111111111111111111111. 111 dienen 111111, 1111131111111111 11111-
11111 111, 111111111111 1111131 111111111 1111111,1111111111111111111113
1111111 1113111 1111111631111. 1131.1111111,811111111111111, 17 ff. 111
jehre 1476 finden 11111 11111 1110111111111111111111 11111111 113111-
1111111 1111131 1111111111 111 8111111. 111111. D. pilg. 158. 2111
finden einh um 11111 11112111111111111 11111111, von 11111111 1111
111 111 (11111111 11111111111111111111 1111311 11111113111, 111 11111111

1110111111111111111 111152711111, 1111111111111111, 11111111- ,

1111111111 1131111111, 11111111113-111111111111111 111111111 eu 811111-

111311111133111 11111111 11111111131111. threchoinlinh 111 der 1
11111111, deenen 1111111111 111111111111111111111 1509 111111, 1111 nn· 1

111111 1111311 1111111111. Biedermnnn, Sieigerweld‚ 111. 1401. 159. Vgl.
Fnikeneiein, 1111111111τά3. 1113111111 111 11111111111111111111. 11111111.
1. Leipz. 1733. ΙΙ, 236 u. 242. 31111111 1111311, 111 311911 111111
1111111111 epieie und 11111111, aber ein 1111111 3110111111 11111111311
11111111, 11311111111111111 111 1111111111 11111111 11111111 111 31-
11111111, wer 111131111 111 Schwenenordene 111 11111 zu dem 111111-
311111 Friedrich in 111111111111111113. Er 111111111111111111111
11111111 1111 111 111111113111 1111111111311 11111111 (111 wer 1111111111
111111 3111111111 1113111111. 1486 31111111 111111111111111111 bei·
den 11111 11111311111,1488111111 11 nich bei Friedrich, 1111111111
1111 1113111 113, 111 111111131111 11 1111111111,111111111111ο1
1111111111111111111111111111111 111 diesem 1131. 111 1111113111 11111-
rich 1111 1111111 11111 (111111111496 1111111111 11111111111011131 von
Saoheen 111111 1111111111 111113 11 Leipzig 11111, 11111Ρ111 von
Abeberg 11 (111 spitze (11111311. 1111111111111111111111111 11013111
111 1199 31311 111 8111111111. 1111 1111111111111115011, 11111111
1111111111 1111 11 11 111 1111111111 11 011111111111. stille-Heme
109 f. 11111111111111, 11111131. 11111311111 Vei. Neueiadi u. Leipzig.
1788. 111, 298 i. Bereiie 1435 11111111 Hans 1111111113 111 beiden
1111111111111111111 11111111111 num 11311111 1113111111. 11111. 124.

 

