75

(1011110111 001011 00101101 01 001101,
801110 10111 10 11011, 10 0100101.

1111 1110 11111101, 11111101 01 ε1·011100101;
Apros parIa, 110 10110111111111011
,,Α100110110, 0111 0 1101110100 011011
Erre 0100 0101 10 1101101

1. 121 110 mon 011011; 1101110110 0011011,
· 1110 1101111 1011 1011011010111011 10 Ρο00011
Ηο1111’0100 01 mis 0 1011101101.
Che m’est 01101011 110 101 1011 pastor,
11110110 cargai mon 01101101 11’0101.“
1110010 101, 01 1111010 001101;
1001 11 01 01110110, 0101100 1’011 01 greignor,

D’angoise 01 1110111 0010101110 01101.
t

1873 11 11010111 110 01 011100 01 D. 1874 01 10110111 1111 10100-
11011 por 101001 0. 1875 mais ys. 10 001101111011100 1101011111 1101
1011 par 11 plain 11101 D. 1876 011011 parler pot 01 101 111 1011
10110111. 1878101111Ι1; [11011 110101 01 mis 0 1010101] (11). 1879
011. 110101 1011110101 D. 1880 01111 10 1010 10 BD. 1881101111
BCD. 1883011011101011. 18851110110101110110010110011011101
8011. 1886 10 1101 01 Β; 101111 0; de 1101101011 fu chargis 10 0001
[ys. 11 0110100 1110101010 110 001 01101100100100110111011 1101011101
1100 1011110101 10011010 101. 1000110 bien 00111010 11110111
01011100 100 11010010 1111010 0110 1110111000 001 101110 1011 1101101
01101111010110111 les 11011 Erre 01010011101110101010 1100 par 0011
qui 111 111101 10 01010 Se 110 10 prens 0 110111101 0111 ,1. 11010 Au 101
11011. 1101 1101101101010 811 111011011101110 011100 010110 Ρ111110-
10111111 001110 101101 010010 1011010110 0011. 01 111010 Quo 1010
00001μο 11011010 01 101 3101010 110 101 11011100 01101101 10101011 Tot
0110110 0011101οε 1101οι010 Et 10 grant terre 1010000111101101011 111
100 0110111010 010110 .11Π. 01 11011 110101 baron qui 10101000101010
10 11111. 011011 111011 (111011 000 11010101 0101. 111011 1101101110-
1011 001 101011 001110 pois 110111 respondi 001111011011 010011010 11010
0110 00 10101011 10011011 11110 110. 11110 1101000 0011101 pois (101 par
0011101100101111001011 Trai 11011 0 bien 1011011010 10011011 81100
1110111100 11 01 101 1101110111011 11111010 101 111011011 01111101 11. 1011
10 00111 011110 011οη1101 11110 ι111110 101 10 1101101110111011 011101 11101
101011011010 11 001010101 (101101001011 1011101001001101 10. 1110 1
00101 101 10001101 Trai vous 0 110. 11110 01110101 0010111111 0100101
mon menage 1010101 17010 01 ,101101 nobile prinoier 1101011011οηᾱο
101 ,1. 0101 1110003101 101001101110110111110101001011101 Que jo
1011110 0000110 01 011101 1010101101010 01001 0011 00103101 Qui 10

 

