525‘

111111111; 16111. 6991; 11611111111111611 5973, 6096 161 6171
61161 61111111.

6901 16116 1116161111611ς 16161 11166616 61111611111161,
1111611 661 16161111 116116161.

6935 616616611’661111; 11161161111111161; 111116 161 junge
161611 161111161 16116161611111 161 161161 1116111166 haben?

6938 Α 611111616; 16111. Roman 16 Τ111614771 06111161
1661 d’or fin 11116616; 11. Π, 21781116111166161111 11111116.

6973 71611 6161 16116, Α; 161 111666161161 1111, 11611
Α61611116111611 6968 1116970 6111611666 6611616 161 (16111
116116161161161 1111116; 16111111 will aber 11161161 an den 11-
1611 161 16116 6971 611 6972 6111111161, daher 661 116161611111
BD 116116111161616 11616.

6987 1611111161, 1. 1. 1161111161161111116 1166.

7001 Et 161611ῑοί 66116116 661616611; 16111111161, 7611.
Β6111. 1. 163 111 184; 16111. 1166 16 5746.

7005 111161, 11 6111611 1161161 161611 1161 161 11661161
161161616116111. 016111 16 1024.

7024 0161611161161161116116111616111 116111 1616111111
161 6666161111 durch „de‘ 111161 66116 obliquus 161 166 6611116166,
116 16116161 61111161 6111111611, 16111. 161161, 11611. Β6111.
1. 16 611 1161166 16 676 4.

7041 616161161161116; 61116161 111 61161116 611 1611-
61161116116116111 1161 66161161111 1161 116611111 161166611 11
161161611661 16161161, 11611 11611 61166161 -. 16116166116-

161161111.

7090 V. L. Β 111’61661611616; 161116611616161 161 per-
166161, 1161 11111 11616661 161 futurum 1661116111161, 1116116
161611 ,1616161 161161116111110161, 11 1116116161 116116, wie 111
161 16161616166161 61 116116 161161166111 111661111611; 16111.
16111161 111161, 11611. Β6111., 1. 207 11.

71110 Ι 1161 16116 611616116; 16111. 6111611601114352, 116111.
La 166616 11 1611611116, A Gillon 1161111616 616116116.

7175 Jou 11161111. . ,1. 1. 161 (116 161 1161 jung 611
16161111, 11111611 1611 1661 ganz 611111) 111116 1161 (1661 611
jungor 1116166) 1111116161 66161161166 66116111 1611111611, 16
16116 111161 61116 16161161 116 (111 16111 1611111613

 

