542

99041 11111. 9511111, 1111 zu

11111, sem. 111111, 7404.
autor, 11. 11111, 479, 1867, 2792,

1085.

3257, 5170, 5823, 6290, 79711 111111,1111111,111111111111 6843,

111111· 5158 1>; 111111 109481
11181. 8511111, 11111 1110698.

78211 11111. 711111, 11111111.
166, 21. 179, 32.

autre, 11 11, (111 1111111111 jehr 1111, 1111111111 2801, 3861, 92873,

4914.

107401111111111111111 69951 dehet

1111111, 11111112181, 5208, 6752, 1111111, 1111111122, 99941 11111.

84691 tres 1’1., 11111111 5699.
1111111, 1111111 11111 *1358
euve, 11111 4682 B.

2511111, 011111. 11 7990.

1111, 111111111111, 66211 11111. 111-

1111. stud. 111 577.

1111 95471 11111. 91111111 1, 244 111111, 1111111111111111111 5215;

1111111111.

1111, praep. 6918.

111111, tr. 8623, 4774, 78081 ebe.
1364.

111111111, 11. 10111111 5225 11
1111111 87121 11131. 9511111, Ro·
11111. Bibl. 7, e. 176.

11111111113423, 3667 Α, 11111-
311111Βῦ12.

1111, pl. 111 aviene, 1111111 4721.

amusement, 111. (vom verb. ad-
venire), in 11111111111111113100.

111111, 11111011, 11113 11111111

111. 1111 1111511 6421.

11111, pf. l eg. 1119282 Δ, oi 10835,

3113879, pl. 1111112560, 61431
711. 1 eg. 11111 3959, 86291 2 uu
740, 70091 3 111376, 19751 sm
59211 2111. eree 117, 8201, 11744,

averes 3202, 86061 3 1111118190, 1
6292, 9562, averunt 11941 imperf, 1

conj. 8 eg. 11113748, 4770, 5370,
pl. 1111111 3729, 54241 p. 11111
3795, 6280.

123; zum hiebe kommen 31501 8111111 vencezlaum) 969, 4396.

p. praee. avenant, geziemend 855,

4420, 6879.

5108, 57951 p. pf. avenn 1837, 1111111111, 1111111111834.

3804, 6735, 10293.
111111, 111. in erfilllung gehen 8881.
11111111, 1111112566, 3186, 52231

beer, 111111, den 1111611111111111

genle 1111 2385, 4889, 4660.
7052 81 11111. 111111-11111,

111111115688113].11111131111111 0111111111 1. 481 11111111 111-
bedeutung, gent 1111111113285. 1111111 111111 vergl. 9511111,
1111111111, 111111 werden 61041 deei 011111. 11528.
11111111669301 11111. 11 desi hemer, baden (ven einer 111111)
1111111161279. 67081 (vom 1111111111) 7129.
111111, 11 den 1111111111ηά ver· 111, braun 1988, 2970, 8579, 4831.
1111117211111111148410111131. 111211 11111. Rom. 81111. 1111.
Godefroy 1, 526. 1111111, 3111111 11104.
111111, 1111111111, erniedrigen 11111111,1111111111,111111115114431,
2819 A; 111111115920 Β. 7731, 8161, 8290, 10024, 11243;
1111111111. 1111131130041 abe. 11111111 2189, 5844, 6711, 7377,
7505. 81691 geben 156, 164, 4498, 5348,
111111, 11111111, 1111111111 macheu, 7177, 7495, 108141 11111. Meyer·
1111111111 985, 2011, 7660, 8914, 11111, (1111111111 e. 241.

1

 

