369

Quant 031010 01101 8100300 001110,
601 101 0111011001 Ture 0100010110
Ogier ferirent, 00 0001 mie alentis;
1011 .X. 0101010100 100 0000 0010,
A 1010110 1001001100 01010 0111.
11 1001 00 pios, 0010 0110100110
1. 640 Le 111001 110100, 10100 devant 100 pis3
001 11 010101, 1001 00100 10 01011111;
11111 10010 0000100001 1010001 101101 pris,
00001 11 000110 3 00 00 gent 10 011.
110 011010 part 100 1100011 0000111111
As 111000 0001110110 grans li 101010;
Ρο1100 101 001 1101010001 100011110.
1110 01001 011 1011011 01 11 10011οϊ1;
01111 00101 1111001 0011110100 01 pariaris.
A 10110111001001 0000111001 00 pris,
Ρο1001 10 Κο110 01 000101 1100011;
11101 10 600000 01 000 000100 10 (1010;
11101 0001 (10101000, ki 100110 0100110.
Le 00101 111000 00000001000100110
1111111 03101, ki estoit entrepris;
Chele part point, 0000111010 0100111,

β

10243 pour 1. 1011010001 1; 001101 101001001 11001 00100 0101011111).
10244 10111Βο1). 10215 11. 0. 0010010100 B. 10246 par 0000011110
0 ss; 00110100100100000 01101 jus mis G; [0310110 1011 01 0100 300
110111] (11). 10247 0111101110 Β; p. 0010 hom 0101110100111 D. 102481001
00 Βς 00 10000 0111011010 Ι). 10250 [001 1101) 1 01011 00 paiens 1001010] Β.
10251 03. 1000110 0000100100 0 11001 0110.Οο 011 0011001300 00 10 Β;
010. 1110111010 00101 00011 11011000. 10 0010110011 010111). 10252 p.
0001 11 . . , 1001 3000010 6100101 . . . 11010 01 0100101001ἰο D; [quant
1011 00. 001 0101101 10101111 Ρο101 10 101001 0100 0101100 00111] 0. 10253
3100010 10 00100 01 10011010 11011111 Β; f. 10011 31001 11 001111 D.
10254 10011 101 001 110110 001010001 100011111 Β ; 101111 C. 10255 101111 01
[00101 100 1110111000 fu 31000 1100111011 [000 000 1100 00 001 11 0110 100·
110 11]] 1101). 102560101001 031011 qui 111111 10 01300111 Se 0011000011
11100 0 .ΙΙ. 010101 1001011 110 pai. 11000110 100 0101011100 01 10110 Ρο100
000 101001031011 100 0101 1001011 Et 001 0 01000110100 0001010 Se 0101
000 00010000 01101010 ,1. 11011. 10259 000 1026010111θο 0. 10161
point 10 qui li 0011 0001011 Β. 10262 1100 1026610111οο 0. 10263
p. 1101 Βς p. 110111 0010011101 000111 D.

01101111 1100011030 24

 

