549

49911 111111 5574, 111111113405,
6078 111111 111111179341 raths-
11111111111962, 6152; 111111
11119155.

1111111111111, (511111111111111111111
11115010.

conseiller, 1. a 11, sich 11111111.
inegeheim 1111111111 6077.

consentit, 1111111111111, sich ge-
0110113151,6517; 1111111111231,
92801 1. 1111111 1 qu. 50491 p.
1111111111111 10872.

11111111, werten 9894.

11111111, 11111111, p. pf. 1111111
5324, 1111111 5599 D, 9144.

111111111011, 11 die enge 10111111,
p. pf. 11111111118216 Α.

1111111511,111111111111111116483.

content, 111111, 1110111101 4984,
10302.

111111, 11111111 641.

111111, graf 452, 2770, 5150, 10939.

111111111111115111111 1183.

111111, 111111111111,11111111131111
8895.

1111110111, 1111111111, imperet. eg.
1111101901 11111. 11356 und
119306.

11111111111563111111181111111111,
11115111111 e. 369.

11111111011. emper, 111111115087,
11 1, 1592.

1011111111, 1111111, 15111111 1364, 0.
per 138311 13316.

1111111,11151111 5370, 1141211480.

converser, 11111 1111111111 10576 B.

1111111111, 11101111111111 11158.

111111111, 1. 1 111, aus 1111111111
11111111 5311 11 c. 1 1111 111,
111 (11111) 1111511101111111111
1111111111 54501 geeund werden
7622.

101111, 1110111 1109.

11111111, 1113111111 643 BC, etossen
(1111 dem 011111)3881.

111 (cornu) 4214, 1. de 1111114589.“
1 (1111111157341 11 maistres 1011
5595.

11111111, 1111111101 6148.

11111,11111111 10426.

corel (1), 11 1111 111111111 Ac
10429. ·

11111, 11111 herten 11111111 10432.

1011111111111 19371 verbum corder
6947,

cordele, 11111 qu. 11 11 e. 104591
vergl. Marque 271 6.

1111111111, 11111111 1925.

1111111111, 111011118162, 8286.

111112380 Β, 4652, 7055 D, 109181
1111101011111 2, 301.

111111, 1113111 prendre qu. 11 e.
3376 Β1 111111 111110. 3372 DE
11111111 1111 »maledie (11111111-
111« 11 11111 11131. 0111111111 2,
303.

1111111, ebe. sich 1111113316141
vergl. Godefroy 2, 303.

101111, 1110111 4033, 90301 11111111 ·

5539 B.

111111, 1. 11 11111111, 1111011111
blesen 637511. 1111116916, 6931.

1011111,111111111111152041 11511111-
11111111 11111. 8511111, 1151111·
111111 11 5515.

11111111, 1611111111112308.

111111, 1111111 639, 2530.

1010111, 111111111111 3353, 1101111
mit der 1111111 vergl. 8111111,
1111111829.

11111 (1111111) 0111111113 eg. 0111
11111 2451 ,3212,3738,4138, 6602,
1111.111111110292,3111111 1193,
2369, 3068, 4135, 78671 111113
eg. 11111 6132, 9907, pl. 11111111
9038, p. 11111. 111111, 11 11111·
rene 85461 11111. 1011001111 1347.
8803, 41511 1. 111 grene 1111
10776.

1111 (corpus), 111 11111111111111111 98,

 

