463

3133111131 4926, 311333314944, 3113313133 3797, 333313331 140,
333333 130, 333313133 290, 3333333314937, 33333113026, 3111113311
6030, 333131492,331331 1366, 333131317349.

9. 1131113 303, 1331111 4393, 6204, 1333333 saldra 130, jugem·
2162, 2247, cappo 2363, 31131331 3186, ,311333 3408, 333313 6240,
31113 4478, 3313 1023413131024111, ,13133 7076, 31311 (mont) 10777,
3311313 2341.

r: 3 (31) 127, 3133131 7033, prestes 10030, 11313 3347, 1131133
661, 3131113 4778, 871, 3631 13336133 484, 63111331 3492, 631313
3871, 313314131, 33133 11109, 33 1131313 13131. 11331113 013113-
logico IV, 388.

10. 13333313 1027 3313363363131111113313, 11331313 (333313-
3331) 1383, 133 (1331333) 3697, 13333113 118 33633 1331313113 7799,
111131 33311 1014 331 33311 2446 13131. 11333313 111 133 811331133-
11311311133 46, 123 311 76, 234, 33331133311311 sind: 13133 61, 33
216, ,133331 272, 133113 390, 1311409, 131333 707, 3313718, 2376,
3331133331139011, 13133 1916, 33113333 1928, 131333 (13313333)
2689, 3734, ,13333 4788, 6296, 33311 3948, 1133 6036, 33113 6249,
3113313 6230, 3133 9799, 1331 immor 3313313 10163, 3 (33) 6314,
1311133 3917, 11333133 331331331 2269, 3311133331 3114, 3123, 4760,
11133333 3683, 13333 9424, 10897, 33313 7628, 111 gn: 1113333298,
2363, ,13333 2310, ,1313111 3269, 1313333311039, 33331 2647,
41131313 2739.

ll. zu 3111111333 noch: 33198, 33111 3706, 6832, 13133131
1066, 3 133 3316; 13331482, 313313 6721, 1331133 3332, dagegen
esser 10609.

13. 01313131133311331133 131331113613313.

c: agno 2647.

g: tregue 3413, treuge 6330, 1331133 7463, 133333 9241, 1-
gent 9743.

t: 311314446, ,11313113 7161, 3111111313 7176, 633313110947,

3333131133131 3331331111 133 677, 1311764, 333 838, 31 1302, 33-
3331133133 2466, 1331· 2630, ,1313 2967, 3128, 33313718, 1313 3869,
313133 7778, 13333 8332, ,1311313 11173, 1333333, 33331 4276,
capt 4281, ,1131 1082611, compugnent 2669, 3311331 10613, 3313133
10371, 133133 11488, ,11313333113311311311333131 3113313111 6344.
1313131427, 11313113 6667, 1131131331 7018, 31331 10624.

 

