62

5551155515 militibus necnon 51 aliis 1551115 nobilibus. 111 pri·
155 15 5111155511 dominus generosus Gecrius 551555 15 Η51155·
51515 ¹, 15511555 1551 511155 15 35515515111, 151515551111151-

mus 1115151555 5111551, domicellus 1155151155155155111115 ³
Peppenheim ⁴, Johcnnes 15 11551515151 ⁶, lohannes 111151, 111151 ’

1115135 (11511511 155 Pelen, 5111511 5551 1515 1515151555 11151511115511 3
15111155 151511151486 3555151551 1511 1515551 111151 31351551 115 3

[1151155155 111515511551, welche 515 55555153551151155 81551551513 ,
35115551 1151155. 14951551115 515515551151515511531511515511151 l

551 [11515511 111515 bie 1515, 15 15151515 jnhre ihn 55155 5115515-
35111151 115355 35151555111553155 151 1531511153 5511515155. Er 115111
151 4151111536 551 115115 nu Η511511555 155111151. Ει· 1151 511131151 ’
1151315555131555115535111555511555. 3111111151-1111515,1155 buch
1551 3511555551155. Berlin 1881. 27. 155 551551511351151111151151151
1151515151 5. 31, 115 51 115 5511511135 1111 1492, 551 5. 33, wc 51115
551113511115555111482 151. 131. 1511515. 11151511351 nur dem 15515
Hchenzcllern 111155 im 15 jnhrh. 1515555151511351 115 11155151 11511-
3151151555 und 1555551151511111551115111155, 151151515555151
5113515, 1435·551 Friedrich Π, 515 1111151115151, 1453. 11115155 bei
11511. D. 5113. bei den 11511. Jnhren. l 1515515115 155 151 3111115155
15151115, 15155 51111151ιί15 1151 Ulm 153. 1111551, (1511511. 11151155. Leipzig ·

1712 115 33. 11, 491 1111151555 65513 Η51151151515 55, 1515111555151 ἶ

511351 11515111115515151151115511551 151. 1155 15511155155555 1551
855511587151155115. 11111. D. 5113. 287. 2111151511 rich 515
11555 1511 15511515 5151135 dieses 5551555. 13111111155515111, 1511551-
151551511351155. 1151151511 n. Leipzig 1788. 1118631121. 8151515555,
(151511551151531515115151151151511. 81513511111. 1111511513 1748. ’15151
1961. 115115515151151 151 15151 511351 115511551 151115551511551151
155 3551551511 nu 315515515151, Β1111551515 551 15151511, 151155 bei·
551555 5151115115, 151155151515155 15 Heidelberg, Slnllgerl, 155-
1151 und Β5151513 5151 155151515515 5511521 515111. Β1515151555,
31513511. 106. 31115551 511351, 1452 3515155, 1151151 515115155
8051111155 515 11515 und im 1155515151 5111311155, 5111 515 1151151
eui dem 1111511551151135 55 3511111551, 11511487 1513515135 155 151111-
315155 Friedrich 151 15511515111135 55 1111151513, 1151551 5151 bei deenen
heere, 115 51 1488 551 151151553155 1151155155 1115135 115115111115 den
1515111511513 5551 85131511 5515151151, nunde 15 51555 511155 5551551511·
lichen handel 5111 1515 515551 155 1111515315 1511151511 1151515111 um
155 jehr 1494. Er wer 151131151 155 35155555511555. schlin-Heme
111. 151 55115 1493 51135115 1111151151 1115151155 155 11. 1151 551 11511
551 1515 1151111535 1511115151. 11111. Ι). 5113. 199. 4115551111
Ρ5555515151 551151 11515115511513, 851558515155 5511151115355
11111 155151 1474 551 1515115135 11513 51111151, 1151 1481 551 1551

 

