544

garni 60 tout 0100 7512; 0100 000611, 0000011010, 018000 55951
1011, ‚gothanae 8010οι 101001100- 0161611000 8653 Β.

00111 680168 0100 fait 00111811 0010001801, 989 D; 101000800160
18383 00101.Τοο101,101011001118 (18100181, 100800181ιο

88111100 0.72; 11001 6800011011- bordon, pilgersboek 8078; 10101.
0011 vergi. 80080100001110110· 11610101, 1101 zu 1537.

theb lV, 00 2076 ; 000018178. 0011, 1806, 800800 4217.

01018, 1118008010 32811 10618008010 000(0000οι0) 8575; 0010 8933, 1538;
5768. 00101. 1610101, 11101 zu 106 001

010, 000οΕ111100 282, 2884, 3691, 00018101010. Linke, 118001
8198,10269,11317. 618 8018000 601 00100. 111008

01000111100011001739, von Ph. 16000101 0 13010111

0100, 001601067999; 00168011031. daher 80011 680 6001100111 000

0180001816001100100 10952. quel 4778, 000001 10787; mgb

018000, 1011116 4211. (10601100 1, 690.

01000111, tr. 181008001800 machon b⁰(¹¹)0¹0· 8111110001813219, 3⁸71,
7179 D. 5212, 6389, 9766, 10708.

011801, langas kleidungsstiick 802, boue& adj· ¹1¹st whildbut‘akeln ver·
881800, 0088, 6254, 08181848. 01058621). 10119.

0101, 08110180 6213, 7153; 01006 boujon, bojon, 001100, 01811 78; 10
846, 8988, 10090 (1) aea pl. 1181180003571. 4305,4545, ³
01800 107918. 6192.

00000, 11101001, 0000000 10 0000, 000000116εο11.000100080’, 11169. f
adlernase 5548, 0001001001, 10110110οο001 11247. 1

0001, darm 2462, 4754, 01. 001. boi· 000101, 0108100100οο 58751 011801
800 3515; 000000 00610 380, 01. (1801118035οῊ 01010, 80100600 ¹
005100 4317; 0018168 2386, 000· 811511609857.

0100 4390, 0181611, 0100010 3158, 4171.

0010, 81101011 10828, 10877. 010110, 00010180, 01800. 8 ng. 106.

boire, 001110, 0011. 3 01. 001001 018116141,01.01810013866,6363,
9262 ; p. 01. boii 9571. 9178.

0010610110010010110116317, 8988; 01811, 00000101, 001010001495.
00101. Aiol, glossar. 01801111, 600 degon 0601 61010018

00101018,1011111101,118010081000000 00001οε80 35803855, 4221 1 fib&
5761, 9526; 00100013256, 5172, 0180611 006 0180101 101011161-
10935. 0101, Ζο110001111 111 1008010008

001111, 010680, 11001100, p. 01080. Ρο1101001011170.
bellant 1846; p. 01. 00011 7526. 0180181, 0011010000 3465.

000, 18110 000 b. 1844, 0800 000 01800, 6010001001115108110811 29591
b. 5363, 6110 0000. 5120, 7169, 018100 DE.

80000111 1001 000 b. 582, 5012, 0180 (brachium) 78, 2403182, 3781,
7513 ; 001010101001001 8 000 0. 0. 8 b. 725; 018000 1018001801.
7167 Β, 000080111000 0. 5019. 00011.) 10100 323, 018000 008100

000610, 680 000100118ιο 2533, 3113, 2310, 1647.

1832, 6311. 018001, 001100000, 00010000 1091111

 

