571

16 6166666 66 1166611166 3276,
lugam· (leopardum) 8508, 6556,
166ι ,0 41561651 46823, 86781 16161.

1666166, zeitschrift 166 66166·

661651661606616661611 1874, 6. 162.

11661166, 161116 0357, 67441 166656
67721 61616 10168.

66616616,666066666616166661666
6616616) 3819, 74511 66661. (16·
61161616666601166611616666666.

11161666, 16 66161661 16 166165481
16161. 6566 6616616111.

16611161, hammer 6008 Β.

main (61666), 66111616 8825, 7757.

6616566616, 1666161166 4207.

mains (161666), 6 m. 66 4101.

166161, 61. 6166616661 5567, 1661616
61 66666666661, 1616666661
1588, 1633 A; 66661. Aio} 66
30111 6161616 66616 .. 666661
*8318 D.

6616166661, 66 61., 6616615084.

6161616611, 66116. 8 66. conj. 16616-
116666 491 imperf. 3 66. conj.
66161661618451 11666661 1 61.
6616166666 5167.

61616166,5665616 8611810181, 10188.

61616616, 1116666371.

6616616, »1661666 66 66666666,
propriae« 7746.

61616, 16. 16, 561 ninom 61666656
592, 21262128, 5693, 3526, 111561
16 61616, 1166 61165 1616166 11505.

61616616, 6661666, 6611666 26, 118.

1116166166, 61. 6661666, 665666 8159.

major (61616666), 6166 61. 5851
66116 m. 79631 6270.

1116166616, sehr 6666 1886 D.

661666, 1666156118200, 8618.

1661616, 6618665661 6666. 8 66. noni.
11161616 3871, 900816. 61. 616161 16. 7468.

3849, 9149, 61616611 06171 66·

1611 666 = 11161666 4533 31 66661.
(16661666 5, 1151 66566 666 665-
6166111 6161616566 6498.

166116, 616616, 56666 661614487,
5548, 9288, 10578. ⁴
1661166, masc. 2100, 33441 1661. 2100
D; 16661. 11666666, Romania
XVII, 441 nr 648 666 8666166,

1161661111.

1116166616 = 16616866 1886 D.

1116166166, 66616616656 4166, 4617
D, 6215, 72201 1661. 6161661666
6847, 6745.

6166666, 5666 9197.

1661166616, 1166116666 728, 9006.

66666116666161115661 1688 D.

166666, 16166120013634, 4718,4841,

6166666661, 6616665, 6661 7021.

16611666, 16616611 166666 5418, 99811
6686. 1 66. 166. 111666 6088.

61666166, 6666. 8 61. 166. 1666611661
33751 conj. 366. 61666661 115051
16661. 17111665666, Roman. 8166.

1116666661, 61616665166666 7601 D.

666166, 661166 5666561161, hequem
25791 666651611 5239.

16666166, 1166656566 10024 Β.

6166616 (6166666) 10537.

1666, 661. 6616 66611161 125, 1252,
4245, 4948, 4987, 5694, 5799,
67111 16 16. 4433, 61 16. 834.

6166666, 16 66616 16. 5350 801),
66615661 6616666 61. 8202 D.

66156616, 61. obl. narboris 8841
6615616796.

66666661, 16616666 8780, 8738 B.

11166651 (1666166666) 88191 1661.
1116665166 10064.

6166616, 6661161616 2080, 88471
16666166666116111503,2068,38561
166166 566 16. 7181, 16166 6161

6166161661, 1161111666 6645.

 

