316

Ferreolo 85.
Ferrato, krieg 0111 0000613 55 ff.

253. 258. 262.
- 601103 v. 55 1. 58. 77.
leuet. hl. 1431.
100010130010 85.

, 010010101600 17.

Firnn 200. 211.
11006010, 011301 000 141. 145. 1491.
0101000 41. 58.
1110010016.
0011300264.
01006000001016011 2. 8 i. 19. 51.
69. 78. 81. 87. 116. 136. 140.
01006000001-016000660001 in: 140·
0000 263. 80001121. 1101101309.
Bethlehem 0. oben. 80110263.
06103310 263. 0011000264. 00010
19. 0011018. 001130026100160
20 1. Heidelberg 2 1. 11 1. 60.
11011006 191. 1110100714. 11011-
10024-29. 110110 60 3101110 251 1.
Medon 81. 00101264. Ρο600
291. Rhodus 87. 11010264. So·
1011 263. 8001010 264. s. 80-
00000 264. 0. 010010101010010·
6013) 9. 0000613 0. 60 01000
22. 3011, 35 ff. 43. 501. 261. b.
0. 106 301. 54. 8. 0110 263.
Zara 13. 2601. Sion 0. 00101
Jerusalem.

Freneieoue v. 1100101 850. 128188.
210. 221 f.

-· Placentiae, guard. 0. 60130 81011
129.

- 60 Ρο110110, guard. 0. 60130 Sion

- 80110000, 30016. 0. berge Sion

110011006οτ3 1631.

8100111οἰ06 57. 86. 262.

11010οη6013 9.

0110015170.

11116013 1810360131, 10100. 180.

1’110611011111.0.000110106 571. 63301.

0110611061100011000.Ρ101100011180.

- 110. 81006006013 62.

- 10. 6016110100. 81006006013
64-68. 78. 82. 122.

- v. 8006000 63. 65.

- 6010103101060 v. 6. Pinio 13. 66.

1100616011011600111. 100600 269.

Fue 238.

80060106. 0. 62 1.

- 00013, 01011011, 81310006 u. Jo-
6000 63.

10111101, Joh. 176.

Gabaon 150.

0061101 11000000, guard. 0. berge
Sion 129.

Gabale (Deohebel) 88.

0011110 149 ff. 189. 296.

0006011110,30016.0.601308100 129.

00160 20.

0000163. 186. 18911. 193. 302.

0000110 115 1.

3010030οο 06110100 10 Alexandria
244.

- 1611100 10 Rhodus 81 1.

001101, Joh. 15.

0010110110 01. 84. 109. 165. 281.

001600 0100100296.

3016601000 0111600 00161100 254. 256.

0000001016 101.

00000000 58. 10 1. 91. 244. 253.

00013, 601111. 11111. 13. 1011. 150.

0001301100101 150 1.

00013 0. 800010 67.

- 0. 8006000 64.

00013101 280. 306.

001016, 0111101 600106000110101-
6000 115. 300.

0010160001 61.

001001100 lilerio 56. 58.

06101010 0. 011. Xll. XVI. 41. 139.
14114911. 160. 164. 188. 221.

0100 00100000 51 1.

01600, 3010610000011010 227.

 

