464

b: 111111 2822 111111111112836; 1111111118267, 111119608
111111 1111111876, 1190; bs: 11111111 3181.

p: dopler 1367, 137411111111112426, 111111113494; 1111-
1111 11207;111111111831111111980, 1111111111 6637; 1111111
4284, 111111 61140.

f: 1111113831, 1111111 1111111111 6022, 7328.

1111111111 1111111311, grosse (crois) 2261, 111111 2361,
011111 (011111) 3016, 011111 3622; 111111111111111ε 111111122;
1’1; 1111111666 111 segle 672, 11111 11111111 (111111111)6439; 111
1111111111 11111 1111111687 1111111111 763 11111 101111 840, 101-
11116114;11ς1 (sache) 10610; vasguon (111111) 40.

x: 1111112462 11611 1111 3333, 11111111196331111111111111

1009711611 11111114693,11111 11294, 11111 11296, 111 1111111, ’

x 1111111111 111111 11111111111 wie 01116111111111.
(11-111 quarto 1117, 2266, quatro 9640, quaranta 7676, 1111-

11111 (1) 101 10169; 111111 quinto 6608, 1111111 1008611, 1111111 =

que=kz 1112611111108, 6211111967, 7719, 10792, 111 2040;
1111111111ε11ε 1111113499, 7207, segue 3688111111868311111
1111112676, 3272, 3641, 4326, 10646.

1ε iiber 111 1111111111 111111 1 1111111111 11110111111111111-
11111111111111ε 111111 3676, 1111114306, 1011114646; 111113301,
101113300; 11111190111111111427, 11111 1268, 1111111 63811
1111111801, 1111111 1686; 111 (11111) 4169, 6327, 1111836.

16. 11111111111ε 1111111131) 10, 11111111106, 111111 466,

1111111111 160211111111 1606, 11111113728, 11111 3733, gmon ,

6146, 11111117187, 111111 11472.

16. 01110111111111111111111. 21 1111111111 1111111111 1111-
1111111166211,11-1-1 786, 11-1-111 948, 1-111111111976, 11-1-111111
1411, 1-1-811111112133, 111-1111112402, 1-1111113666, 111-111111
3887, 111-1811101 6364, ,1. 11-1111 7282.

81111111111111111111111 immor 1111111111111 assimilant>
nen: voille (111111) 236,1111(11 11) 266, 1111 (11 11) 490, 1111
(10111) 4986, 8700, 1111 (11 11) 6313, 01111 (11111) 6706.

20, 2111111111. Ν1111 11, 11 (11) 111112131 11 1111111111;
111 (111) 1072, 11060; 11111 111, 1111111104079; 11111111 111
form 11141811 (1111119304. 8111111 3 11. 1111111. 111 4396,
4901, 1110 8287; 1111 111 1111111111 11 1111111 (111111) 6613 ; 11111
1111116111. 1623, 1842, 1916, 2320, 9808, 111 11111 (1) 1916;

 

