m

3036, 3090, 3260, 3270, 3396, 3409, 3413, 3415, 3416, 3430, 3433,
3697,3699,3729,3758,3865,3872,3880,3909,3937,3344,3374
3984,4014,4071,4083,4376,4401

Β81ι18 handschriften zeigen im gegensatze zu den fibrigon
iiberoinstimmung in den vernon 2806, 2820, 2837, 2843, 2852, 2869,
2879,2889,2890,2892,2901,2919,2927,2949,2959,2970,2998
3007,3099,3102,3140,3192,3195,3219,3222,3237,3264,3319
3327,3329,3348,3372,3400,3401,3428,3603,3617,3679,3742
3770, 3783, 3811, 3812, 3848, 3873, 3912, 3913, 3975, 3976, 3984,
3985,3995,4021,4024,4084,4132,4193,4211,4299,4340,4342

Handsehrifteu 0, Ε.

88185188 in denselben (118 verse 2886, 3136, 3680, 3740,
3857,4309,4443. ¹

Beide handsohriften zeigon im gegensatze zu den iibn'geniiber- ’
einstimmung in don vernon 3166, 3770, 4444. ’

Handschriften A, D.

88 fehlen in denselben die verse 2379, 2381, 2411, 4989, 5168,

5197,5205,6988,9499
Η8ηι18811ι11188Β, C, D. κ

11818111881868888158561818188 347 bis 351, 355 bis 358,
8888 bis 8881, 8888, 8684. ³

Allo (1ιεί handsehriften haben einschiebungen vorgenommen f
nach vers 333, 972, 2712, 4897, 5180, 5963, 6446, 6732, 7573, ς
7890,7929,8228,8307,8574,8972,9194,10255,11295

Allo drei handschriften zeigon im gegensatze zu den iibrigen
iibereinstimmung in den versen 37, 89, 109, 216, 236, 279, 396,
524,591,638,639,730,735,750,788,799,808,855,880, 882
894,902,904,1045,1046,1048,1122 1124, 1127, 1167, 1190
1192,1256,1284,1369,1373,1444,1469,1495,1503,1505,1624
1718,1779,1803,1867,1885,2024,2081,2123,3131,2135,2313
3638,3730,4111,4174,4393,4529,4585,4635,4706,4804,5180
5186,5244,5246,5269,5338,5376,5416,5420,5428,5435,5437
5693,5694‚5869,5938‚6031‚6112‚6119,6121,6142,6266‚652Q
6439, 6443, 6489, 6580, 6740, 6806, 6892, 7371, 7378, 7430, 7469,
7635, 7695, 7879, 7882, 7883, 7894, 7989, 8004, 8015, 8293, 8294,
8465,8644,8684,8708,8735,8996,9218,9220,9221,9238,9396
9395,9448,9605,9629,9650,9808,9877, 10222, 10454, 10691

 

