601

8111111111, 11111. §mir 7261. 8111111111008311, 111111111116811-
8111111 111 11111111, 11111. 116113 11111111 D.

10421, 10181. 8111111 (1111111111, 1111111111 ge·
81111, 81111 9668. 11111111 2518.
8111111111111111117272111111.611111 8111111, 61111 (11 8. 2159.

1 de cambrai, 1. 357. 811311111111138051, 8131111111, 11

811111 11111111 4716. sin 6, (1111111111 D.

811111 1111111218, neniae 8017, 8108, 8111111111, 3466 von 1111111 ge·
81011111,111111111111111. 1611111; 111 11111111 11111111
17111111, 111111 1086. 3111111111 1111111111 111611811611111

811111 1111118667, 8687, 6700, 8880.

8111161311358151,1069117788. 8111111, von 6111111811111131-

811111 11111 251. 11111111 2669.

811111 Floreat 5003. 811131111111, 111. 1518 (111 8111

811111 11111111 5261. 3111111311). Ι

saint Jaqne 111 Galim 8016, 8111111111 10127; 1111111111 1531,

811111 11111111 8126, S. 11111111 11 9841181118111017283-

111111111 9638. 81111111, ’113111 de 8. 1511.
8111111111111 11061. 81111311 10352; 1113181111 de
811111 11111111 1811. 1111111111, 1. 271.

811111 011119417; 11131. 111111 de Sasognois‚ 1111 1111111111 10099.
6111111111, 1. 872. 8111111111, 11111118. 6499 1111111111-

81111 Ρ1111 5767. nung (111 unglnubigenJ.

81111 111111118062, 8171; vergl. 11111161111113111111111111ι
1111111 de 0111111111, 1. 375. brai, 1. 377.

8111181111114869, 11156. Seraphin 7281.

811111 ’11111111118627Ι 8111 (7) 171111, 8111116, 1111111111,

8111111111111794. 81111111, 11111. 1161113 981, 1089.

81111711111111111188ς 111111. 1111111 2158, 3490; 2610 von 1111111 11

111 cambrai, 1. 378. boden geworfem von ogier ge·

81111 111111 17681 vergl. 1111111 16111110286.

(11 6111111111, 1. 679. 81111116, 111-1111128114.

8111111 91111111 7116. 81111111 2185, 5610.

81111111, 1111111111, 2866, 108811 8111111111 111161· (11100818 111
11131. 111111 (1101111111, 1. 676. 9569.

8111111111 84; 11 1111111 1111111111, 81111208θῦ1 811110 63091 711111·
der v. 152 11 Aymery de 1111- 11111τί 111 Narbonae, 1. 275.
bonne als einer (111 1111111111-

111111111111, (11111111111111111111 1111111111, 11111. gottheit 995.
1111111111; iiber (111 1111111111111 7111111 10099 3 11131. 1111111 (11
1111111113 1111111 nameus vergl. cambrai, 1. 876.

Aymeri de 1111111111, ’111111 111 1111198417.1111111198781 111111
nome, pag. 271 Salomon 11 mar· dor 111111 11241.

ehi„ *891ς konig von England Tigier (1181111111, von 11111111
9319. 3111111111 1511.

 

