448

5111549 515592, 989 515 1014, 1430515 1484, 2220515 2288,
2694515 2765, 3449 5153495, 3620515 3685, 5070 5155128, 5715
515 5757, 5773 515 5808, 8254 515 8284, 8715 5158805, 9621 515
9680, 10157 51510222, 11074 515 11098.

511 6536 515 6560.

55 725 515 753, 3494 5153537, 7184 5157198, 10223 515 10241.

aus 3077 5153093, 4699 515 4725, 10772515 10800.

5144 515 200, 829 515890, 2793 515 2880, 4453 515 4506,
5848 515 5913, 6924 515 7004, 7620 5157712, 8910 5158968, 9581
5159746, 10360 515 10408, 10546 515 10596, 1097151511007, 11427
51511505.

51 2433 515 2477, 4726 5154794, 7976 515 7995, 10515515
10529.

5111 1583515 1639, 1887515 1915, 2112 5152150, 3989515
4020, 4951 515 5010, 6595515 6661, 7005 515 7039, 8375 515 8399,
10302515 10338, 10637 515 10659.

51383 515437, 941 515988, 6104515 6154, 8400 515 8442,
8858515 8909, 9369 515 9439, 9883515 9353, 11506515 11555.

55 1033 515 1111, 1799 515 1829, 3288 515 3365, 4021 515 4069, 1

4231 5154289, 5509 515 5559, 6155 5156202, 6427 515 6458, 5845

515 5875, 7307 515 7385, 8018 515 8041, 8070 515 8101, 9164515

9193, 9223 515 9293, 9818 515 9864, 10670 515 10771, 11272515 11915.
515 7917 515 7944.

1488515510, 517 515548, 1536 5151582, 1048 515 1973,
5011 5155069, 7516515 7547, 8311 5158343, 11037 515 11073.

15 1485 515 1515, 2054515 2083, 3839515 3918, 5917 5155935,
7457 515 7504. ’

151 7505515 7515.

151 1349 5151387, 1742 515 1765, 2174515 2219, 2553 5152620,
3166 515 3233, 3938515 3970, 4417 5154452, 4898 515 4950, 5193
515 5242, 5670515 5714, 6066 515 6103, 6876 515 6923, 7713515
7748, 8138 515 8182, 8285 515 8310, 8443 5158515, 8575 5158542,
9061 515 9113, 9440515 9490, 10012 515 10053, 11217 51511271.

155 754 515 781, 8516 515 8534.

in 796 515 811, 3538 5153571, 5243 515 5281, 6054515 5065
7235 515 7273, 8118515 8136, 9549 515 9563.

11 3122 515 3165, 4170 5154210, 6501 515 6535, 8643 5158714.

15 201 515 264, 2025 515 2053, 2656 5152593, 2881 5152904,

 

