557

91111991, 9111191191 4114; 19131. 161- 9111111119, 9119191191 7406; 91191111

9191, Aiol zu 1213.

9111111119 302.

91111911, 11113. 258, 523, 3683, 3886, 91111, 1111191 111385, 91191 1197,

84371 9. 19411.
9119191191,111111 7787;111969 11168.
9119119, 1119111911 1093, 6943.
91191191191526 8; 19131696911911
91119, 91139519991; (von der 11119111)

862 BD, (von 51111911191) 1531 ;

(191 hunger) 9950 verb. 91891.
91191919619,»511119111916993911599

11111991911911 1173.
9119191911911, ’la partie de 19 poi·

11119 19111199 1911959119 911119-

911911 6628; 19131. (1911911913,

153.

9119191191, 1919111191 2536, 3019,
4641, 4817, 5929, 6691, 69001 p.
pf. 9119191116, 191911257; 19131.
1619191, 11191 11 1130.

9119111, 1193191191 2810.

9111911911, 1611191 91111191 109881
19131. 8911911913, 158.

91119191, 1113911, pras. 3 93. ind.
91119119 2635.

91119991, bis 4766801), 10413 Β.

91391319, 111391 10339.

913919111, 191391 11070.

913191,59193911139191111501,1506,
7561, 80121 daher 913131991

’ 7566.

913131191, 1191111391 1836, 4943.
91319131191, 1913163911 3897, 5210 ;
pras. 393. 9131913191, abs. 10356.
91319111, 9111111911 1537, 2026, 2883,
1911. 9131911119 6661, 1146 D.
913199, 1139911111 1443, 1511, 3643.
91191111, p. pf. 11 9111911111, 669
3973 8118.
91591696199911191131111 1520 ; 91-
59161919 5760 Β; das verbum
911916112544 BD.
91191116, 11919111 5519, 6151, 9110,
9845.

8535 Β, 9. 111 4217.

91111191, 1111 1191911 11139591
7592 Β.

9131911991119111, 1193911242, 2813.

91191119, 191113919131111 4795.

9191111119), 9. 911198, 1231 A,
1430, 1579, 1308.

91991911, 919919119 354, 12281 19131.
1619191, Aio} 11331.

91991319,191(1399911191 4177, 4716 B ;
1111191191 5229, 10412; 91991319
10359.

9199111119, 1111. 8529.

91991911, 11 31919191 199199 3995,
3998.

9199111 5015; 11040; 19131. 01119·
1191, 3, 235.

9111111191, 911319119191, 9199119191
3819, 6308, 7485, 7979.

91111191,11119119190911 1689, 1815,
10311.

9119, 99, 1111391911 1209, 1212,
12261 19131. G. 19119, Romania
11111939.

9119, 1116311113 3531), 1674.

9119191191, par 9., um die 119119
4342.

9119111, 1991, 11191191112118,1392,
10823 Β; ganz 7250.

9119119198991 19131. 11199 Wb.³
11499.

9119991, 9911111391, 9111191, 91911
1111911939 691911111191 6123,
5328, 6821, 1316 Β,9890, 10378,
107291 1119. 3 93. ind. 9119199
6745, 6155, 7880.

911191, 111919911112574, 5829, 8117,
8180; 91111 1785 Β.

91191, 9. 91 environ 5314, 53181
tout e. 6256.

9111999111191, 190.919111191191 191·-
191 1492,

 

