361

Κ1 111 1111111111 11 1111111111,
Κ1111 puisse 111111 11 1111111111111111,
11111 ΚἈ11111 111111 11111111111111111

Et 81111111 1111111 111111111111.1
Dex 1 11111 11111 11111111;
Li 1111 11 1111 vertanus 11 111111 ;
Il s'estent 11, 1111 111111111111 1111111111
moso Les 1111 111 111 11111 1111111 1111111;
Li 1111 1111111 11 11111111 1 111111; ·
,011111 11 111111,1111111111 111111111
1111 111111 vuol por moi 1111111111.Ιι
111111 11111111 1111111111 01111,
11111 111111111111 1111111111, 11 Β1111111
0111111 111 virent 11 111 estant 11111111,
1111111 11111111, 11 1111’11111111111
Li 1111 111111 11 vestit 11 11111111.
11111 1 1111 1111 11 11111111 (1111111ς
1111 Apros 11 11111 11 corut haubregier.
Li 1111 1111111111 11111 111111111;
1631 Arme 11 1111 11 11111111 11111111,
111 11 1111111 11111 mont 1111111111.
1111111111 11111 1111 111 11111111,
1111 11111 1111 11111 1111111 11 1111111111.
11 11111111 remonte 11111111111,

2

10024 (11) 111111 11 11111111 Β. 10026 111. 1111 1111111111 11·
11111 Β. 10027 [miracles 111 qui 1111 11111 11111111 81 1111111111
11 11111111 1111111] Β; [1111111111111 11 1111111 11111111Ρ11111111
devint qun poison de gravier] OD. 10028 11 1111111111 11111111 Β.
10029 11111111111 11111 1. 1111111111111111111ς 11111 c; 1. 111111 11
111111111 D. 10030 11111 OD. 1003211111111111111111). 10033
[111 111. 1111111 111 1111111111] 01). 10035 (et) 1111111111113. 10087
1111 11 111111111111 1111 1111111 01). 10039 d. que 1111111111
1111 chier B. 10012111 10013 111111 (11 [11 1111111111 1111111111
1111111 1111111111 1111111111 1111111111] Β. 10044 111 1004111
1111111 1111 elme vert 111111 Et 11111111 111111 111111111111111111
(1111111 111111 1111111111 11111 111111] D. 10045 [1111 111111-
111111 11 1111 1111111111] C. 10046 [11 dieu 11 11111111 1111 1 1
jugier Puis 1111 1111111 1111 jor 1111 1111 11111 311111111111111111
vous 111111 1111111 011111 111111 ki 11111111111111111] Β.

 

