452

101001 (1011011111) 7940, mortens (mortalis) 7917, 110011 (Natalis)
7942. 1701011101, 101 10011 1011, 1011 1101111011 101 1011110101.
110111 101113 011 110111 0r=s>rem gegeniiber, daher 101101 451,
1766, 1860, 5185, 6257, 6262, 101477, 2788, 3251, 10 01011101
457, 10101464, 6289, 01101484, 6256, 1101 1769, 101101 1772,
01101 2766, 5153, 5167.

010 1101011110ὴο 10111 101 1 pluralis -01101 111 011 1101111111 101101
101 111 110 im 101110, durch das 110111111011011100110110111111101101
410,10101111011571,11001101 2592. 0101011101 poiiosmes 25928,
101101·10111101 25930 1111 111 111 110 0011111011 10101011011.

80101101 homo :hon 11111 durch 101 10111 0011011011 1920,
4572, 5949, 5952, 110 1111011110 11011 11110110 11011101110110101111
111011 11010111 110101 im 101110 10011 10111 1111110101110111111010101.

8. 211101011010111111 (1110111) 1658, 4606, 6221, 110101
110 41601 1011101εο ich 011 80011101, Βο011101011οΧΧΧΙ7.

9. 01 im 1111011101111, 10 01111 011110101111011011 110111 011
-0 011101101101 11011 gibt, 111111110110011111, 10111. 1839 1111
18119, 0101110 011111011011011 001101οη101, 10111. 1830 bis 1859
111 1781 bis 1798, ob ai 110110110111010101100101010111011001101
0011010111 mit 0 101111, 1111111011 011 11101011 1011111010 111011101-
101101,101101110141110100110111101 gibt 01 11101 110111, 111
10 101111010378011113786101111 nur 0 1111 11011 1011111, 001101
01εο 10111. 10011101,Α101,01110111111Χ11, 2.

10. 0110111101011. 011111011101011110101110011011, ¹
011 101· 0010101011 10101 110101111011111011, 1111110111 (vanum) 782
1011111 101101· : plain 785, 11011791, 11111111117847 ε110111(* pinctus)
7849, mains (minus) 7850, 10111 7854, 10111 (101101) 7856, 0110110
10110110 2621 ,10110 (*101110) 2625 : Κο1101101110 2633 : 0111110110
2634, 11111Κο11011οἰ10 vorgl. 010111, 10110 824, 01101110 1100110110
(regnum) 2653, 11501 10110 (101110) 00110111 81011101, Βο0111101011
CLIV, 0, 00111110 2639 findet sich 111010110101111011011101 10111
Βο0111011011 Man. 2639, iiber 01110110 2636 (1000101 0111110 2411,
7396) vergl. Foerster, 1110111 655. 111101110101101011110101111
111110010011103826,111101010 (dagegen grisaine 2641) 3831 :praigne
(ε0101111113833101101010 (dominium) 3835, 11111 1101101010 103421
011101011ηο 10344, 1011110 10345, 0110101010359. 001101 10110111
1101111 1011 -agne (= aigne) und -egne (= eigne) 10111, 30011101,

 

