555

611001001, 6111101100, 0111111100 6953.

6110101100, 501050160011011, 1110111011
11169.

611010, noth 3392.

(1111000106. 76309072, 11461 ; 10511.
611000, 11581 A.

6110116 116, 613011061 adj. digne,
101100, 0011111011 8399.

diui 6661101) 10763, 114521 0510
6001168.

605100110, (10111112426, 3551, 5248.

605101, bingen 6387, verdoppein
6977, 112031 11111. 60510, ge·
doppuli, (01160111101101 1011101110
10110000 4658.

6051101, 1011 601101101101110111 100
ningen 1367, 3275, 5220, 5685.

doctrinar, 11011 0111001110οη 2405.

dognon, 10111011 7758, 9366, donjon
1425, doignon 3314.

601 (digitum) 4521, 5960, 6249110
vous 00 1000 10 601 (0001101011οη
601 1011110101) 4995, 51491 pi. 6010
*650, 1547 D, 86491 10111161-
1101, Aioi zu 6856 0060110101.
zu 9314.

doio (discum) 3986 Β, 11899, 11482.

601011 (dolere) 10585, 11101. 311.
1116. 6001 7641 101. 3 ng. daura
9210; 60501 061. 601001 4008,
65951 vergi. 11611101, Aioi 00
942.

6010101, 051. 1110100 83811 11. 50-
klugeu 68601 106. 8281.

6010100001, 1110110 6630, 8884, 8887,
10388 Δ.

60001, prun. 1 11160101 170, 62721
0001. 3 ng. duint 653179, 601011
409, 3179, 8119, dont 98801 fui.
1 ug. 6001014449, 6096, 11197,
3 60010 1158, 1160, 4696, 2 pl.
60010180221 condit. 8 ng. don·
10118323.

dormit, 1067631, 8301, 115841
vergi. 6611101, 1110110798.

60100160ηοί (1.601001011819, 31081
60100100001 6643.

60100101, »10110 10 cour« 4422, 4434,
4949, 5863111 601001011 7300.
60101, 106. nich 1111011100 57251 11.

58991 10511. 6010 9255.
6000110, 1111111010, 10510610101001-
gengnbe 390, 955, 998, 1023,
1160.
60001, 5010110011εο 338 Β.

- 600101, 1610510111011 4699.

6001000110, 11110111 46981 050010
(10100001 8897.

dragum 101100 2997, 4546.

61001001, 051. 0011105110 760, 106.
331, 7487, (1016. 00 100 011001
551, 989, 1003616. 1011011101
5776 (vergi. 1060011 unmerkung
zu 517).

61011, prendre 106. 60 qe. 45261
110111111634171011.1011,010111

61011010, 0 6. :u 61011, 1528.

dromoni, schiff 874, 5598.

610, 1101106 857, 4595, 5287; iem.
6100,110110510 67321 061. 1101·
1106, 1011000110161001 10115.

6103110, 6000610606 668, 5100,
5657, 6300, 7171.

6011, p. pf. 6011, kundig 4233, 4934
D, 10090.

60110, 00160001 6809.

60101, 50110500, 1010 35671 auu·
600010 59111 11006 1101100 77741
fui. 2 ug. 60111101 3503, 360110
1895 D, l pi. 60111100 7774 BD,
2601101 7376 Α, 6061101 Β, 60-
101011 01 vergi. Fdrnier, 11101 zu
1173.

Euge, 01101, 10000. 3777, 100 e. 706.

ebenus, 0501111011 1643, 9355.

01101110, 1101051011 8912 Dii.

0600610, 5111114371 101116611101
Aioi 1117767.

 

