576

2136, 6109, 3180, 7407, 0883, 6
111011 18761 imperet. pl. 1101 l,
154, 1640, 4076, 01110 4362, oea
6158, 101042 Β1 301106. 01101
36, 1155, 1175, 57401 p. [1111. 01
1333, 4531, 7871, 88861011. 011
3, 2524, 0111 2084, 0353, 6724,
pl. 01111 6231 10131. 11611101,
Ueber den 6116111101 11111111,
1411011111. 110111 111 6113111110
601111. 0111111, 11111 1874, 1. 50.

0111, 11111, weg 765.

01101101, 011111101, (11101101) 10311
5146.

0111111, 1010 aue 0111111111 3570,
10185.

01111131, 1616111101 1136, 611101
1207,1135.

0111110101, im 1111111111 11111101
689, 4926, 60751 1011. 70811 101111
101 101101 56631 11131. 01601101
5, 598.

11111111114361, 6539, 6620, 011111-
11010111(101111011111) 1211, 1221.

0060101, 1110110111 BD.

0110111, 111 111111111011110111

01, 101 0010113241.

0161111, 10111. 0111110, 5823 D,
95441 11131. zeitschrift 16110-
111111010 Ρ11101ο311 111 262, Re·
menie VIII 628, (10601101 5, 617.

01611, 11110101601 6321.

ore (10111111111116869,1100,79331
sem. (1111) 011 1728.

011010, 1111111113 6444 und 110111
01111110, 1111111111 4030 II.

01111111, 11011011. 846 D.

01111111, »gemit 61111010176631),
8533 D, 3436 Β.

0111011, 3011111011 3114, 4503, 5131,
5303, 0245101101 11131. 1011111,
1101 10 3344.

0131111, 0131111101 10430.

01310, 0130, 311111 4017, 6131.

1116111111101111111101 3426, 71121
110100 111611 3243.

01111, 0111110113 2431, 7405.

011101, 111114731, 2467 D.

orphene, 0. 1101011001, 2121 11-
11101111 5250.

1111111011, 11111. 0111111111 *6626

011, 1111 (11111) 3357, 6743.

01, 11101, 35, 613, 3013, 3447, 5641,
5560, 5641, 33531 011, meuc. 2312,
103601 11131. 1611111, 11111611.
Gille 11 2418.

01011111011, 1111101111 4352.

0110101, 11161071 0101111, 11. 50261
01011111, abe. 1135.

1111110301, pree. eonj. 313. 011
631 p. pf. 1114042, 4235, 31861
1011. 1110 54111 6130311 11 (eu-
eue), 1111. 011 6331 11131. Το1111,
7111111110 8111111311. 128.

11113101, 1011161111 3205.

0111110111, 10110131, 1010111111
16081 011110 01111, 6130, 63321

1011101101 equ, jem. gaqemund. τ

11111 1111116011 1042.

1110101, 1. 1111 (11, 1111111110111 I
1111161111 7312 Β 1 1101111111οτ ,

11011101 11384.

0011111, 111 staff 602, 7246.

0110101,111103 1611111 3320, 3472

001011, 111110 3534, 8583, 4313, 114431
11131. 1611111, 1110111377.

01111, 11011 10033.

0110111, 1111111301, 111111. 113116.
0111 5036.

0111160, 1111111111 0. 3061 verb.
0111111 152.

1111111111, 11101011 6616.

0111010111161, 5268, 10822.

outremer 4654, 6150, 98871 outre
11 mer 25, 364.

001111, 1110111111 4482, 1011111101
4368.

01111300, 111011 10340 Β, 10355.

01111, pree. 313. 11111111 4367, 2

 

