333 ,

Ρ33331 (131133 3 33 3313 33311113;
f. 231 1333 3 333333313 3333 3313333313,
(1331313333 3313 33313 3333 3313.

3333 chil, 131 13 333333, 333133 33113 13331313;
1333 3333333333, ke 13 quarto 331313
113333 Μ331313, 13 313133 331333313.

El port 333333333, 31333133 siglo 3331313,
A tere vienent, 31 333133 331 3333313.

333 11313333 monte, 33 31 333333 3313,
1133333333 33 parmi 13 3333313;

Par 13 33333 entre 33 13 313133 garnie,
11133 33 perron devant la tour 33313,
1133333133 333131 13333133 13 Surio.

3333 En 13 3313 33333, ki 13 31333 33 33113;
(33333 13 33333133 313313 gent 3313313,
1113333333 3333, 313 3133131, 33113,

’ 113113133333 3313 33313 13 33 313.

11313333 monte 31 maistre 33333333,

3333 133 33133 3 333333 33333 33 gent,
Entor lui 3333 331133 33333333333.

Il pase avant, 33 3333333 331333,
11 13 33133 33 33 131 1333333333
,111311 1131333333, 33 3333 11 mons 33333,

3333 Ki fist 13 33131 3313 3333 33333333,
1333 3333, 33133, 33 3333 gart 13 33333333
Et 33 33313313, 131 3131 333 33 33333331

3

3913 3. 3313 Δ; 3. 3313333313 BDE; 3. 3133113333 3333 31331313 G.
3914 3. 131333 3133 garnie B; r. 33313 11; [3313 3133 33 3333 33 333133
13 33313 An 333 331333333133 33133313] DE. 8915 quii B; li
marin ont DE. 3916 3. 333 33313 parmi 13 mer 33313 B; 333331 13
mer 333 133 3313 33311113 DE. 3918 3313 3333 333 1333 133 3313 3133-
313 BG; 3313 3333111131); 33113 baisio E. 3919 113 3313333 3333 3133333
13 133 33113 Β; 331 3333313 D; lor 3333333331311. 3981 und 3982
133133 Β. 3983 131113 11911. 3984 333 13333313 333 33313 Β; d.
333 333 1333333 13 barbarie 03 du 333133 13 .. [3331331333333313333
1333333331111311111. 3985 1. 3 33 burnio B; 333 333 333333 33 13
3313 333313 DE. 3989 3333133333 BODE. 3993 1. 33133 3313333333
13 3333 3333. 1333313333 0. 3993131313 BC; qui 3333 3131333133313
13 331333 DE. 3991131313 Β.

 

