596
0974 8111411101 59741 adj. 111-

1101174401 arabis, adj. 208.
111301 45641 101 11111111 4070.
1111101, 1111111111 (114. 5971.
11011011 10072.

1110111011, 11111. konig 2160, 8610,

1111011110.

111011 10101.

1111, 0111.,4155.

1110111101, 111111111119857.
11111111, 111111 (111111111111, 101

6111 311111114196.
1111111111111011101111111111168611.
11018111, 1111111611310701 11131.

111011 de 01110111, 1. 057.
1111111, 11111111, 10111111131-

1011110542.

Aufn‘quo 89501 1111111101111141.
1111111111, 700, 2488, 20481 11131.

81011 (1101111111, 1. 057.
1111011 40, 98011 11131. 1110111111

01111111, 1. 857 1111111111 de

Narbonne, 1. 258.

11131011 10470.
1111110111, 11111. 11111010.

8111111, 8111011111 101 8111111
1113111111111,8111111183110111
der Chronique 1111161 101 Ph.
11011111, 1. 9.

8111131111 5552, 7875, 81113111
10679, 81113011, 11111118311111
1011110311).

81113111, 8. de 8111101101 81113111
1111011101 1892.

8111101111, 11111111, 7268.

Barbarie. 81111111 2157.

81111111, 11111111 0504, 5272.

81111111, 11111111, 101 11111131-
1511112747.

81111, 11111 in 1111111 0545 Α, Bou·
rin B, 8111111), 1101118.

habe in A 111013111111811111
und 110111 811111 3111111.
811111, 8131111 71941 8111111 (1)
65461 adj. 1111111111 7258.
811111, 81011111 0540.
81111, 01 Laudes de B.. bei 801-
11111 9549.
8111111, 11111111 B. 7189.
81111011 10208.

8111113111, 10111111111 30181111
4548.

8111, 1110111118. 80201 8111111,
1111011111 101 81111 57001 11131
81011111, 8111111011 II 406.

Βοω1110171100101,1111111111111111
8254.

811111111810,101 11111101 31
1111111 4014.

81110111, 01111118. 9894.

81111111011100791 11131 1111111
de 1111501111, 1 2001 0001,
11111.1.

8111101111, 101041 11131. 81011 de
01115111, 0101111 1118101111,
8111111011 11 406.

8111, 1111111 111111 4009, 5770.

8111111, 81111, 94991 11131. 111011 3
111 0111111111. 059.

801111118908,954818011111110401; 1
8011111011 10085.

8013113101 38, 59.

80111. 11111111101111 1111111111 47711
11131.Δ]11111(11111111ο111,1.281. 1

801111011,11111011111101 8011103111 x
-111-1111101041 11131. 81011111. g
8111111011 11 406. ’

81111110101, die 1111101111 101
81111118881, 98601 11131. 111011
de 01111111, 1. 0601 [lber 11111
1 11131. Th. Link, Uober (111
81110111 111011011111 1111111101
8111011111, 1. 9.

811111, 0111111111 8,,81111112627.

811011, 1111110111 3111111 129, 2298, 81111110111, 311111 des 1111111111

81111 41841 8110101191991 ich

0954.

 

