449

3686515 3761, 4393 5154416, 5444 515 5469, 5582 5155611, 5984
515 6008, 7576 5157627, 7870515 7916, 8196 5158253, 8344515
8374, 9114515 9163, 9294 515 9336, 9747 515 9785, 10242 515 10279,
11316 515 11342, 11582 515 11607.

oi 511 515 516, 812 515828, 5129515 5149, 5957 515 5983.

oir 10530515 10545.

51537 51553, 3094 515 3121, 3919 515 3937, 4507 515 4540,
6231 515 6252, 7421 515 7456, 8042515 8069, 9594 5159620, 10071
515 10115, 11343515 11367.

on 54 51588, 891 515941, 1388515 1429, 1916 515 1947,
2289 515 2331, 2925 515 2988, 3572 5153619, 4290 5154350, 4541
515 4593, 4849 515 4897, 5359 5155396, 5937 5155956, 6459 515
6500, 7748 5157787, 8806 5158857, 9337515 9368, 10467 515 10514,
11141 51511184, 11392515 11426.

ont 9865 515 9882.

or 451 515487, 1766 515 1780, 1860515 1886, 2766515 2792,
3234515 3264, 5150515 5192, 5809 5155823, 6253 5156296, 7274
515 7306, 7946 515 7975, 10926515 10970.

515 4211 515 4230.

u 438 515 450, 1319515 1348, 3053 5153076, 3787 5153825,
4134 515 4169, 5282 5155330, 7199515 7234, 10280515 10301,
10826 515 10880.

us 1640515 1659, 4596 5154644, 6203 5156230, 9564 5159593.

5) 7751511555 551515.

age 89 515 113, 593 515607, 1172515 1208, 1237 515 1261,
3762 515 3779, 5331 515 5358, 9194515 9222.

aigne 3826515 3838, 10339 515 10359.

aine 2621 515 2655.

aire 1781 515 1798.

anche 4677 515 4698, 6578 515 6594.

45 265 515 341, 368515 367, 1262 515 1318, 1698515 1741,
2332 515 2397, 4070515 4133, 4351 515 4392, 4645 5154677, 5397
5155443, 6009515 6053, 6776 5156844, 7788515 7846, 8535 515
8574, 9491 515 9516, 10116 515 10156, 1088151510925, 11185
515 11216, 11557 51511581.

515 368 515 382, 10434515 10466.

ente 1209515 1236, 1660515 1676.

ere 9517 515 9526.
um. 5. cunm

 

