442 ·

6436 und 6437, 6713, 7076, 7246, 7483, 7921, 7934, 8226, 8871,
8961, 9030, 9376, 9437, 9998, 10168, 10764, 10796,10868,11401,
11460, 11469 und 11470, 11622, 11642, 11689.

861113 66636661111611 66666 3166661666116611 vorgenommen 116611
vers 604, 972, 1446, 2012, 7090, 8229, 8644, 10321.

831116 66601661111611 1616611 im gegensatze zu (1611 1111118611 6111-
16116616 iibereinstimmung in den 6616611 321, 466, 624, 604, 613,
623, 646, 663, 694, 719, 727, 737, 788, 748, 796, 813, 826, 844,
912, 914, 938, 963, 967, 962, 1000, 1161, 1778, 1901, 1962, 2118,
2179, 2189, 2276, 2408, 2686, 2929, 2966, 3491, 3602, 3978, 4028,
4108, 4493, 4496, 4602, 4846, 6183, 6413, 6460, 6871, 7121, 7334,
7428, 7468, 7867, 7949, 7960, 8228, 8424, 8644, 8944, 8971, 9620,
11690.

Η611116661111611 0, D.
Es 1661611 in 11611 beiden handschriften (11666116 483, 620, 611,
766,1041,1083, 1084, 10891183, 1346, 1384,1446,1446, 1646,

1637, 1783, 1796, 2427, 2478, 2636, 2648, 3266, 3488, 3684, 4069,
4388, 4630, 4663 616 4666, 4683, 6036, 6778, 6411, 6661, 6802,
7281, 7624, 7693, 7816, 8304, 8306, 8326, 8344, 8374, 8436 613
8438, 8638, 8668, 8674, 8676, 8739, 8916, 8966, 9038 616 9040, 3
0366, 9612, 9626, 9740, 9926, 9966, 9966, 10381, 10387, 10398,
10449, 10491, 10614, 1063810667, 10679, 10611,10629, 10639,
10666, 10680, 10704, 10706, 1071610768, 1078810862 bis 10867,
1097610993, 10998, 11000, 11041, 11044, 11046, 11077, 11098, ’
11021,11027, 11084,11213,11218, 11220, 11223,11267, 11262,
11267 und 11268, 11274, 11277, 11387, 11413, 11446.

831116 6661666116311 haben einschiebungen vorgenommen 116611
vers 1790, 1878, 8294, 8333, 8401, 8443, 8446, 8469, 8492, 8641,
8670, 8684, 8739, 8839, 8842, 8918, 8972, 9202, 9277, 9373, 9614,

86163 66616661111311 zeigen im gegensatze zu 11611 11611866 661-
fallendo iibereinstimmung in den versen 17, 26, 146, 186, 232, 262,
283, 324, 480, 640, 600, 634, 666, 946, 1001, 1030, 1263, 1369,
1333, 1433, 1936, 1661, 1661, 6614611 2015, 2033, 20662119,
2372, 2373, 2633 und 2634, 2649, 2662, 2720, 2747, 2777, 2841,
3096, 3114, 3164, 3838, 4144, 4166, 4488, 4667, 4739, 6217, 7383,
8348, 8393, 8448, 8636, 8641, 8642, 8643, 8839, 9213, 9234, 9407,
9680, 9766, 9796, 10037, 1007210200, 10330, 10341, 10696,
10603, 10927,10946,10979,11006,11067, 11072, 11090, 11276.

 

