562

66111666 4381, 2 6611661509, im·
66616661. 1 66. fusse 5426, 3 1661

5553, 6116666161 5524.

estre, wohnung 3769, 3780, 66661.
3666166, Elio 66 6. Gillo zu 1853,
61666, lage 3783.

661611, 1666661 3695, 3717, ostri 5047,
7533, 11661 4407 Ι), 5610, 66631.
6666660616066166661111 6. 470.

66161666, 6661666 5102, 9303.

6616161666, »66666616 66 66666616
3282, 5844, 9547, 66661. 11666166
(166166615048, 5053 666 Goda-
sroy 3, 655.

6616666, 6666666666 6433, 7064, 9353.

6616616661, 6166666666 2075 Ι),
6666136616616666 3161161666 IV,
66 2178.

6616166, »1661666 6666666, 66666666.
9553 1666661. Godefmy 3, 663.

6616666, ›emer‹ 8295.

6666611166, 666. 3023, 6770, 16. 6717,
10770.

61666, 66161 1166666116 *778, 781,
3345.

666 8793, 66661. Diez Wb.³ I 296.

6666, 6666 611616 10735.

66666616, 61616661 215.

36616166, »dire 666 choses 66 16166
14.

166, 661611 5442.

161666666, 66661, 666616616594.

1611116 4200, 6666. 366. 16613333,
4492, 161. 3661666661 130, 2023,
3033, 1 pl. 16666666 2525, 1666-
6666166 25263, 16166661. 1 pl.
161666 7182, 6. 6616. 16111661
5748, 6661. 161111 5365, 7576, f.
66 qe. 1503, 1661. 1611116 3413,
5625, 6330, 16166 9305 Β , 1. 66
6666 6004.

1616666, 661163 ag. conj. faigne
10345 ,161. 363. 16111666, 666. 7091
Β, imperat. l pl. faignons 35303.

1616116, 661. 666166 6004 B, 10221,
6666116161166 11030.

16166, 6666. 1 ng. ind. 166 6533,
1666 5323, 21616123,1580,7215;
6661. l og. 16666 431, 6083, 3
16666416,5382,2611666166 2239,
6166, 61166666 Β, 2666, 6881
11233, 11438, 11527, 66661. ’166
16676661166616 36116666 6. 26,
316666614422, 6661. 1 ng. 66
839, 1882, 2134, 6041216616811,
9318, 9519, 10018, 3 661 3316,
3510, 5205, 2pl. 16616166 832,
9260, 10013, 3 66661481, 2351,
5136, 0603, 8615, 161. l ug. 16
661 2040, ferd 61411), 3 fen
3393161. 1666662526, 2161616
9607, 31666619613, imperf. 6661.
366. 166161 1387, 16161592, 261.
161661664917, 16166661. 266161
469, 9123, 161. 1616666 7015, 9403,
2161166 42, 1945, 6. 61. 161161
1611, 6616666 6631, 6640, 6616166,
1611 dem 66661666666 66166116
161 6661166116 4716, 6211, 166 661

1616 6666166 *5212, 166 6616 661 q

1616 166116 3653, verbum 6166
rium 4422, * 10155, 6111 dem 16·
661666666666666166666666666
1365, vergl. Το6166,76661166616

36116666 6. 19, 1. 666 5242 31), ⁴

1. 66 66 qu. 5271.

1611661661, 666 1., wie 1337, 1364,
4871, 9356, 611. 6596, 6910.
161116, 66666 66611661 4408, 5591,
1611112661, 6661666666, 61666 666611
6111616611 abnuendo 6661166

1661611666, hungrig 7939.
1661166, hunger 3413, 6666 de 1.
16116,1 516666 (1616661) 5550, 5945,

6675, 6696, 6666. 16666166 6633. ¹

 

