895

81001 (djebel 11000) 69. 1151. 199.
191. 150. 178. 180. 188 f. 191.
191. 198. 9001. 901-909. 913.

809.

1111100100ὴο1 000 915.

811100 191 1.

811100 IV. 11. 11. 51. 1160. 61.
909. 961.

8100001003 75.

1110100100ἀώ 89. 990 1.

810100100 7011. 71 f. 86. 108. 969.
969.

801101, 1011001100, 31011. xil. 178.
186 1. 907.·999. 911-919.

- 1100031011. 178.

801011 968.

811060, 9100010000 968.

8000100 86.

81101019 19

81100001, 1011. 189.

01110100 001 0001101110 199.

81101010 961.

81101101, 80101. 68.

8101101, 110101. 1. 179.

810110010101,0001ς 11011 v. 180.

0111610ςοί0 110110 980.

8110911013 8. 11 1. 179. 175.

atr-ua 911 1.

111011 der pilger 10 (1011111010 9001.

streitberg, Eberhard 1. 65. 199.
1100011016,Ρο101,(10111101,111011001
0. 10111. 81. 61.

811111011 79 11.

8001 915. 917.

008011110τί10 189.

01111011 99 1. 99 1. 100101119811.
165. 1991. 903. 999. 991. 997.

80110101 16.

110010010 918 1.

Syrien und 811101 1691. 199. 991.
917. 971. 805.

’10110100 961.
90111110 101.

’1000001010 (1110801000 10110110)
919. 991 11. 998.

10011111 10 110110 980.

10101110 Hebron 155 1.

1011001691.

Το100101100. 301 1.

1010110110011101 109.

10101101100110110010 199.

9101019951.

Theodosius 11. 59.

9110010185.

911001οΙ00100 78.

Thomu tle cracovia 1791. 187.
196. 907. 999. 980917 11. 956.

Tiberius, 1101101 990.

Tigrin 98.

’11010160ςο 991.

’1061001118

Το1000 98.

1001101181.

Το1 911.

Το110, 8011111016 de 10, 910110, Ant.
u. 1111111100 61.

10100 01001 161. 161. 1681. 186. 995.

1111101 68. 98. 119111. 115. 118.
971.

91101101 XVI. 91. 1881. 191. 198. 919.

’11111100 und Το11101 18. 881. 71 ff.
79. 80 f. 81-91. 99. 971. 179. 199.

Γ11111011, 3010113000 871.
'Pyran (8011101) 1991. 906. -

11111011, 11101101 16.

— herzog 0910111001101307. 179.
[103010 57 1. 6178186.
0010110011 der pilger 10 Jerusalem
Uri u. 1111101· 10.

1. 011010 9.

11100 110100 199. 991.

11110011 199.

10000161000115. 165
901011000113010110001 910001000001

199 1.

 

