314

Bethlehem, ρ1161615.1161515 297.

Bethlemot 105.

Bethoron 105.

Bothphnge 137. 183.

1161111185.

6611251162.

36111516198.

Bieken, Philipp 1. 180. 137. 245.
249. 260.

31115108.

811 61016111 162.

- Eiyub 1341.

1111111162.

blindgehorne hei Jerieho 147.

11661115, Wilh. 1. 175.

3615165 57.

86161 96.

3611656616 188.

Bollheim, 81315. v. 125. 188.

- 11161611 1. 125.

86561651516, der 11. 29. 51.

Brandenburg 611. 64. (61616 6561
41516611, Friedrich 616.)

8161665566171 1. XII. XVI. 115.
175. 177. 180. 187. 216 f. 245.
249. 269. 3031.

3165561355) 17.

11166616 20.

Brindisi 76. 176.

3165161. 175.

bruttios, 1115611. 232.

Budrnn 84.

Budua 75.

115161 268.

Burgund 262. 1311111116 u. Phi·
lipp v. B.

Burlu 263.

3516161, 651165 224.

61356161, kloster 209.

35111516 77.

816656 40. 131, constantinopol.

06666166 Philippi 295.

- metropolis 97. 192. 296.
0616511611 56.

colinus 156161 93. 116. 191.

—- minor 98. 1151. 128. 155. 188.
191. 214. 218.

061111 11. 88.

66566111 50. 60.

cendio 831. 87. 91. 122. 176. 259.

06651615 90.

0631161151.. consul 249.

carith-bech 204.

06611511 1. Ρ6165 62.

Osssopo 76.

castell rosso 84. 86.

0661131165 86.

0616116 85.

0616165165 240 1.

061136 83.

ohan Hodrur 121. 146.

61-016516 217.

01611161163116161 169-142.

016116116 1. 01161592.

0161665616316161 141. 143.

chimera 76.

01163316 263.

6111161 11661656 109.

0111616611. 361615 189.

01165 296.

0161616165661 296.

01616, hl. 8. 19. 27.

016156 1611656 (Ferreolo) 35.

Cleopatra 229.

- nsdsl dor 244.

01666166 110.

collatio 17. 183139.

coln 41. 51. 176.

0616556 56. 59.

06166666 85 f.

06156 16. 19.

065161 16116116616161 187. 297.

06516111 11111. 194.

constantin 153. 293.

constantinopol 40. 53. 88. 90. 92.
112. 176. 191.

6656515 dsr 7656116561 241. 2491.
065161151, Andr. 250.

 

