586

11111105 14821 pras. 3 03. ind.
105310 2543, 4822, 1053010 6409.

rogor, 1110 10150 3243 Ε.

15101 (2) -.-. 101010, 11550, 1100001-
3105011 2620 41 10131. 1011. 1016,
5000013105011.

10111010, 155110, 101005050101111010
7589, 8209.

101155 (2), 0501010530 (2) *4343 Β.
10105, land 913, 4872, 1005 93651
10131. 1010101, 4101058094.
1011 (11310551) 51 BD, 4248, 5319,

5751, 7160.

10101, 1110511 11111005 6136, 7637,
9432.

1015510, (111011. 10514708, 7816,
sem. route 4278, 4807 D, 4809 B;
rompu 3074, 3024, 3863 BODE,
4158, 4614, fem. rompue 2096,
78181 10131. 1611101, 4101 nu 48231
1. 100 00110110 7202.

1550111, 111ορ1101 5601, 7596, 91501
105051560631 10131. 1010101, 4101
zu 615.

10011111101, 101105 2607, 100111101
1886 D.

10001, 1000501105011 4743, 2469 Β,
7990.

10015, 5015110010 (2) 3562, 101015
7253.

100111, 510105 (105 menschen) 5600.

10551050 (romanice), volkrnprnche,
05 r. 0050 10115 806, 05 r. 01
3113010 8047.

101110, 1010, 10110 287, 2667, 5642.

105101 (103010) 422, 7643, 88861
111110. 1 0311111. 11110 8470, 94131
01101113 macheu, 101105305 5428.

55111 1510014588, 4774, 10529 B,
10636 BD.

1501, 5100011011ου 6373, 8195.

rufin, 1515110551055 3544 BDE,
7265.

151010, 1101113, 0101114285 Boon,
4645, 6584 31 10131. 1010101,
(1110101. 05 11692.

6011105050, 00511130 3030511, 00511
79441 10131.(10501101 7, 271.
0051051010, 00114130 05050 5769,
5830, 5883, 95411 050500 00510501
828, 5967 und 0011105010 6426.

000101, 110505, 005016574, s.
5010 6407 61 0100 0011050 9470 B.

000101, 0035011 6956.

00110, 5111 3011501105 3000555011
5863, 7044.

0010101, 50106305, 0103015 4034,
000101 5539 01 10131. 1011101, ,
nior zu 463. '

001010, 111011 6123, 6827.

00135101, 0015101, 515105 2647, 2389,
10358100515010114919,7088,7361,
82941 10131. 1610101, 4101 ru
1484.

0011111, prin. 303. 1511. 00111 1408,
3163, 9968, 10132, pl. 00111051,
001051 4558, 47541 perf. 303.
001114361151,303.005110 4390
0001100115 4403, 00111546101).

0015, 3100110 6964, 0015161 10131.
1610101, 4101 153607.

0015101, mir 110111 1110500 bezeichnen,
11011105 68871 1011. 577.

0011051051, eid 6993.

0010150, 500111, 3011011 10825.

101051, 1515 1673 4111 1010101110 001011,11150011115011150528, 0. qn.

(1051.) 353 [11 10131. 1610101, 2011-
0051111 1111 1051051005οΡ1111010-
3101157.

15, bach 4160, 106361 11501 die
10151 115 10131. 1610101, 4101 05
39211 115 6626 D, 106361 1111111-

110 qn 2996, 5452, 5096.
001010015051, 01011 n. 110 qn, 0105
einer person 5050056305 7036.
0010011, 0001111100.,1511111005301 R
salu, rendre 0., 50310005 (11051005)
4168.

 

