581

6666, adj. 922; p. 66, 1666, 66613 6666616, 66661 6., 66161666166661
3616616 6666 *2076 D, 6862; 66666 4276, 4489, 6466, 6196.
6. 66 finer 9887. 6666166, 6616166661878 8, 8221 Β,
6666666, 36666666 6684, 6649. 6208.
666666661666, 3666666616 8841,11146; 66661616, 36666616 4921.
363666666 11177. 666, 66 p. 666 666166 8008, 66 6666
66666, 666666 36666636 8994. ma 6666166 11026.
prestre 8870, 8876 ; nom. 63. 6666- 66666, 66666616 864.
6666 8674. 666, 61666, 66616666 8448, 6188,
66666, adj. 1666. 87ος 6616 66366166 6244, 6276.
»61666 6666666666 8222; 66631.
8066666, Aio] 66194; 6161, 61666- 0661666166, 66166666 666 61666666
1166 1886 Ι); 66666. 666166114870 66366, 6166 q. 8048.
B, 7933: 66631. G. Ρ6616, Bo· quant, 666661 494, 8046, 4978, 6880,
66616111,420,Το6166,7666616666 10688; q. 66, 666161 616 271.
86166636, 6. 114. 66666666166, 1666666616 2026.
66166, 6666666666 4808ς6661. imperf. 66666166, 1666666663 10966.
261. 66666166 1229; 66631. 866- 666663666 98516 66631. 11166, 176.ι
6666, 066661. zu 857 und 8666, 11 244.

, 6. 810. 66666, (6666666666) 79, 6876, 6028.

6616666, sup„ 666666, 6666108008. quaml, 666661, 66666666616 4777,
6616661666 = 6616661661 11666. 6577, 7977 , 110116 61666661366
66166, 66666 11848 Β. 66666666661666 8860, 7998.
prison, 3616636666 2812, 6267, 7986. 6666666661 10289 B ; 66631. 61666-
66166, 66666666 276, 6807, 0086 Β, 1666 1, 788.

6179, 7707. 66666166, 6166661, 6666 66 q. 1877,
6666166 (6666166666) 226, prochain 2669, 8218, 4429, 6211, 6684.

8; 6666166 7618; 66631. 8666666, quas, 66666616366 8620; 66666. 6

1161661248. 666610286; 66631. 1166646661,
66616 (pretium) 7482, 8066. 790 616 791.

66616166, 661616612296, 1887. 666, conj.. 61666 6666 kq 6616
6666616666, 6666613661647,126, 9996. 6666666616666 61666, 66666666666
66666166 (presbyterum) 11487 D. 1691 und 66666; 66 616616666-
661, 66361 2666, 2889, 8676, 7971, 1666166 6666661666 4488, 6002;

8272, 9691. 66631. 766166, 7666166666 861-
66166, 616666661366 8806; 666666 66636, 6. 61.

661666 8772. 6666166, 6666, 6616136616 2421, 7419.
6616, 66616. 4168, 6112, 6426, 0901, 66666616, mit 616666 66666666 7809

96471 6616166, 66166666, 6666 72; D, 10126 D.

66166661 717 Β, 1916. 666666, 666616, 6666. 2 61. 166.
puisun, 666661 6890, 8111. 666666 4962; fut. 1 63. 6666661
661666, 66166666 1612 8, 2184, 7024, 1896, 1900, 61. 66666666 94066

10887. 6661. 863. 66166 1876, 8160, 6804
66661,66661979,6464,4764,6937, 1666 666615180889768651.

7974. 661666666 6186 D.

 

