1

564

11006001 10784, 010110 001011 11011-
bant.

00111, 10 boden 01110011, 0110. 1559,
8076, 102681 11. 3141, 3730, 4845,
05321 daher 00110, 1101110, flach,
1110119774.

11001010, »la 0031110110, 11101110 de
10 10011110 1100 0100000001 57621
10131. (1011011014, 29.

flori, 1110110011, (10111 10011110)223,
82051 (1010 310100) 5460 D, 11828,
115941 10130 00110 5345, 67001
011101 flori 5059, Ρο010 110110

100110, 0111 1110110111 1010011011 5800,
9567, 9805 Α 1 verb. 100111194411
subet. 100110 10265.

10101,0100011101011,01001000010417,
5001110300, 0010111011οη 8954.

1010111, 1110111011 839 D, 0202.

10110011, 1110111011 11157.

1010101, 0100 1101101110 1101101003
1103011011 13611 10131. 1010101,
Aiol zu 4473, Ζο1100111111 101
00101001010001011 1874, 0. 142
01111 0110101. 10 5637.

10101, 1110111011, 0101 0 f. 5174,
11101101 0 1. 6282, 1101101 de 1.
10956.

100010110011010), 0110. 11100. 3 03.
1011111302, pl. 1011110111 113041
11011. 3010101101 113101 p. 111.
100110 1655, 11317, 1001. 1001100
298 D, 6343.

10111, 10010000016887.

101 (furnum), 000110110908, 000·
1018.

1010111, 1001111011 101 1101 010111
*7951 adj. 11011111, 30111 10101110
2645.

1010003101,10111011100390014110131.
0101101101 4, 67.

101011001οτ, 1011101100 3960 DDD.

10101101, 111001, 1100011 4752, 2461 Β.

1010111οι, 01101100 1504 D.

10110110,00110(10111 pras. 3 pl. 101-
1001501221 conj. 303101100110285.
1011011010, 0011011011 2922 D.
1013100001101011011 1809, 0710.
101103100101110150113960 Β.
forment, 30110100 3798, 75731 1101-
100110111 4017.
1011101, 1100101011 7743, 9043.
1010, 1. seul, 00001241 00-1010, 1101
7742, 8920, 9248, 10583.
1010111101, 11011 10101000 101110101
8419, 04461 11100. 8 0311111. 101-
0011102028, 10100110 6589 D.
100101, 0101, 10110101 10784 Β.
100101, 10110111 11472.
1001110, 101110, 1110110 00101100 (111,
10111001111113011 7089 B. .
1001010101,1111101103011300111 2537, ,
3172, 3853, 5055.
10011111, f. 0110 jonate 4292 B, 11 1
111. furni, 010111 110451 10131 1
1010101, 01010110 11569.
1101111110 (11003010)1 11. 111. 11011398,
719,1838,3871,97061110111155481
10131. 8510101, Aiol 10 5548 und
glossar 00101 1101011101 1010. fraite
20951 11100. 3 03. 001111101300
11010001, (1101011001110, 3101011110
110010οᾱ11111 1110111011, 7958
11010110 (fraxinum) 5872.

1101111001 107841 10131. 11010101, 4101
zu 1745111111 0011011111 4, 124.
11011101, 1000100100011000001110111
11252110131. 0011011014, lae.

110111101011113547, 0055 D.

11001110, adj. 5273, 7242, 10111. 1101-
111110 7889, 7415.

1101001100 »fait (10 01011100. 2326,
2977, 4310, 64701 1011110111οο 1390,

1100101,01110011110001179771 au 300-
1011011 1101110 5801 Β1).

1101110110, 1101310010 90131 10131.
1010101, 1110110 8502,

 

