815

0111111111113. 61. 68. 77. 178.
- 81115249.

- 815111. 249.

Corcyra 78.

011111 (insol 11. 11161) 761. 801.

256.
1111111111 v. 01111111 102.
01111111 257.
0111111 1. Damion 209.
Coetus, 111111 611511111511111 94.
Cyporn 4. 91-98.

11115113, 3111111. 1. 67.

1111151111, 115. 1. 641.

1115111111 73 ff. 257.

6111111111-111111155. 186. 189.

1111111111 XIII. 21. 81. 302.

11115111 1. Abyron 209.

1111111 156. 182. 272. 287 1. 292. 294.

1111551111-1111111 199. 212.

1111111111, guard. v. 51131 Sion 129.

1111111151 1111111116 18. 22 1. 3011.
33. 87. 54. 193. 221. 231. 242.
245. 2591. 266. 264.

61111151 1111111111 198. 227. 231.

[1111115511111116111 82. 861.

6115111151 1111111111111111111 8111

111111115 v. 811171.

0111111111 71 1.

611511 1111111111 111111 215.

-11-1111111206.

- 1111111111 227. 284.

Djom, 1111111 86. 96. 225.

0111111111, 61151 88. 85.

111111111111111. prodigorordon.

611111111110511111111. 2111. 2771.

11113111111198. 1031. 1151. 146.
1511. 1541. 157 ff. 162. 168.
187. 191. 198. 195. 266 1. 216.
213. 2181. 221. 226. 231. 288. 246.

11111, Iohannes v. 67.

011511311111 38.

1111111175.

1111111, cloes v. 64. 69.

Eberhard v. 1111111115113 65.

11851113 199. 211.

Ebora-Gotho XVI.

16111111, 611111 dos 311111 311111
245. 249.

Edessa 38.

111151151168. 202.

elephant in Venedig 541.

11111196. 185. 2041. 294.

- -51111(Μ11 Elias) 185.

- -kapollo 2041. 208.

Elim 211. 213.

Elisabeth 51.

Elium-quello 97. 121. 148. 169.
186. ,

- 61111111 205.

Emmaus 108-111.

1113166194. 164.

11131116 80.

Epiphanio 146.

Ephron 156.

11111111, 5111111. 179.

1111113111 VI. 17.

11651511 1111 Rhodus 90 f.

11151111, 611111 dos 31. 311111 187.

111611111111111 11116111 Sinai 205.
1111111 150.
1111111111 53.

1111311111. 38.
Euthymios, 61151. 131.
Eva 152 ff.
111111111111111 4. 47.

Fabri, 111111 V 1. VII. 1111. XVI.
64. 1751. 187. 189. 267. 233.
285. 249. 257.

1111131111 91. 94.

111111 611 511151111611111 220.

1111 v. 1111115113 12.

1113115111 611 Pharao 218 1.

11115113, 31113 v. 67.

herdhand, konig v. Neopel 551.
581. 92. 253. 262.

 

