533

mit 1111111 von 0 in 1111111111, 111 1111111 111111111111111
1111111111 1111111111 1111111111 11111111111111 kann, von
einer 1111111 111111111111111111 1111 zeigen 111 11111 11111-
weitige bindungen eine 11111111 11111111111111111111111111-
1111111111 (11111111 9091 11 1111111111 111 1111111111 form
111111111111111111111, 11 9061 1119193 1111111111 1111), 111111
111 11111111 111 11111111 zu 111111 111 1111111111111111 111
111111111111 1 widerhergeetellt. Dee 11 111 111111111111 111-
1111111 (111 1111111111, 1 11111 11 1111111111) 1111111111
1111111111 11111, in 1111111111 silbe 11111111 1111111111 11111111
ei und 1, 1111 111 11111111 11111111 11111111 1111 ven ei und i
(111 1, 111) 11 111 11311111 1111; 1 1111111111111111, 11
1111 11; 11111111111111 111 1111111111 ο 1111 11 11; 111 111111
1111111111111111111 1111111111 1, 11 1111111 1111111111
11111111 1 111 1111111111 111 111 1111111111 11 111 111111111
1111179171111111ι 1111111111. 11111111111111111111111111111111
111111 11 11, 11111111 6624, 111111 6809, 1111111111 11111111 111
11111111111111 11, wobei 11111111 1111 111111 1111111111
1111; 1111111111 1 111111 1111111111 1111 11111111 11111111 ou.
Ee 11111111 1111111111 11111111 oi 111 11, 1111 1139 (reim), 1111
113 (vergl. Suehier, 11111111111111111111111Ρ11111111117, 419),
1111 111 ui seltener 111 111111 1111111111 111 11111111 sein. Von
111 1111111111111111 11111 111 (vergl. Tobler, 11111 XXV 11.)
111111111111111,11111 1411, 6330, 1111 6782, 7616, 76985 ie
= 1111 111 11111111111111 11111103, 216, 2012, 4411, 1189, 7908,
11191, 111 (filius) 8223, 11189; 11 1111111111111111111111-111,
1111, 11111 111 7606, 7797. Der 1111111111111111111111111111,
111111 11111, 1111 111111 1111111111 11,, 1111111 1111111, 1111111.
Ρ11ι11111111111ε1111111111 1111 10781, seue 10797 11111111
1111111111 111111 -οΙ, 11 1111111 111 1111111111 1111111 1 111
1111111111, 11111111111111111111111111111111111111111111
111 11111111. Η11111111111 111 1111111111111111111111 11111-
11111111 zu 11111111, 1111111 111 1111111111111111111111111111
l, 1111 1111111 auedriiekt, 11111111 640, 1111113468, 11111111111
2180; 1111111111111111111111111111, gn, nge, ng 111 1111111111
1. 01111111111111111111111111,111111 1847, 11111 1988, 111-
bregerie 36, 1111111111 601, 1111111111361. 111111111111111111
1111111111 11111 111111 1 eingeeehoben, 11111111, 1338, 1111111111

 

