11

Κο 10 1100101000 001001100 murs 00110,
Lon 1000 10 00010101001010 11000 01 bis.

Tant 001 0011100100 1001010το arabis,
f. 30 1111 100000110001 00 degree marbotio.

00 11010 10 1100000 000011110,

Do 000 amis 10 0000 011010.
3000000001100 11110 0 10 0100010,
Ki 10 0000 01 mont gont 01 0000010.
vnit 10 000 peres, 01 11 0 1011 00 ris,

00 Ans .11. 000 bras 11 0 0 000 001 1010;
(1100110010 10100 010010 00 0001 0010.
Chele li 0 1000010 01000010, '
Gomont 10101111 0010 10 00101 110010.
,,1101)01011110, 00011100 10 1100 marchis!

00 110 000001 roi 0 00 30001000 010;

Aine 10 100 00000 01 101 00 0010;
1110 000 XX. 000 00000 00 00000110,

31 0010000000 0000ος000 0110011011.
0110 101010, li 0000 li 001110011ος

00 Son pere 00010, 01 1’0 0 001000 0010.

' ,,Ρο000“, 1101010, „pour 10 0000 00101 110110,
11000010 001, 01 0000 0100 maris!
111000· 00 00 0000 00010100010 01010101.

ᾑ

331 fehlt 03 qui ... 0011001000 00000 01001010 D. 333100 001010
101000 Β; 00011 001001 10 00001000 11 tur (10 0000100 1010 0; 1000100 qui
1001100001001101). 333 001 00001 0; 100 bonu 01000000 10
001011. 334 que il 1000001001 110 descendent 10011 01 001010 001110 03
dogm 00 0000101011. 3111011110. 336(10)1001010001000101οΒ1);
1000000 01 0100111011. 33701000001000011. . 01 Ο; 001110 00 fille
01 0 0110 ,1. rin D. 338 fehlt 1301). 339 001110 0; 100111).
341111 011 01 0. 341 11 001010101000010010 01 00 G. 343 0110
1011. . 0100001011. 343 1011 1000100 10 BD: 10 0. 10010 Β. 344
1010000 1110 101111 molt 001 prens 01 gentis 11101 001 molt 0001010
01 1100 apris 10100 000 0011 00 100000 10 0010 D. 34100 100000 roi B;
011 000 0000000 0. 346 0100 do 1010 011 um 01 bel 0010 C; 00 plus
1011). 341 000 0110000. 3491010110101101111000011100010(1;
10 bole 1011100001). 311) 00 01001 0 0 000 pere 000010 D. 311
10111 11; 0 1000101000 0. 10010 D. 333 0000 00010 OD. 313101111Β;
000 poet 0010 Ος 0000 00001001).

 

