111

1151115111, 11551311 1511111151
311111 11511, 11115.

1151111151, »51511111 1151115111, 555511·
51, 115 tromper« 6337.

1151155511, 1115155511, 1151551142021
p. 111. 11515511 8812108301 perf.
813. 1151511 1558.

moscin. 1113511111513558, 5251.

1151551111,111551551151551 1540 Β,
3511, 42021 1111155151 10233.

1151515115, fut. 2 pl. mesquerros
4245, 3168, 32661 p. 11111. 1151-
5155118487, 3676, 65671 p. pf.
11515151,1113111513 1338, 3065,
4136, 4140, 4623, 72071 151311
755151, 7511115515 85111135 , 1.
180 und 1111151, 5151118056.

mosel, 5111111131 351115151510454

1151511511311155, 1511111113 2886.

1111151151, p. ps. 15 3511 1151151165,
1113151513, 6025 BD.

1151111115, 55515511111513 pl. 1111.
1151151175081 pf. 8 13. 115161
8337 DE.

1155151, 151. 8084.

11511151, 35115161515168861 1511515
dieu m. 86241 11511 m., 161513
1511 1352, 2551, 2560, 33881 1155
11 1515 55111651 4671, 47301
16151355551 4380, 60711 151
51511 11., 115511 551151 52281
51115 11., 151513151154341 3511
de 11.,551111511151 2752.

1151115151, 555511155511 037, 6423.

115115, pras. 153. 1111.1155513461
11511313. mint 1363, 3514, 5885,
pl. 1115511 16631 11. 15515151
1511 4358, 11. 511 5515511 5100,
11. 1551111151 5334, 1151551165.
6023, 15 11. 51 15151 6283, m. 5
pie qe.. 511151 11551 55555151
74781).

mi = moi 1567, 5088, 11050.

mi (11561111), par mi 1563, 7240,

10377151 mi lieu 7221 131 fem.
111511 1115111 *5068‚ 8322110581
15131. 1611151, 1115151 1211 und
5151111551 4611 2.

11151, 111151 1866, 1882, 5680 BD,

miens (1151111), 11511511111155, 15
11. de 151 drus 4595, 62041 11
mie: 1151 5511535 8768170341
15131. 11111151, (155151. 51 11343
und Aiol 51 8147.

mine, 1111311112425, 7331.

11115, 51113513 33831 verbum minor
3856, 10130.

mire (medicum) 1023, 3060, 5383,
7435115131. 1511151, Rom. lI 243.

11111551,1115351 7175.

111151, 11. 5511555151 6823, 7176.

1111515, 515111 *3524

1115155115, 1151511 6858.

1111οά511864, 32615169, 5809, 7351.

moi 161 jou * 1573.

11515151, 1151111515 2485, 4727.

11511115111111151511), prendre 5 m.
6883, 8387.

1151151,1111154217 81 15131. Goda-
froy 5, 361.

1151151, 15111. 11551151, 5111511511
4345, 7768.

115151(1151111515),(5151)11515 1078,
6340, 114411 51 1’55511’511115151
7385115131. 1111151, zeitschrift
1011515111555Ρ511515315 1 151.

mollier, 150 1155513873, 6685,
6635, 3547, 10810.

11511, p. 31151 11511115, 3511511151
37381 155111, 35511111 5313, 6206,

11515551, 11151151 5513 4776, 105281
511151 2472.

115155 (monetatum) 3231, 1151516
10716.

1151515, 3516 640.

1151111555, 11511 3337 DE, 87301
5111511113 14341).

 

