151

11101 101010οε „ss 0001101 000000011
,11010001 11010, 001 00 010100 001001,
000 00000110 1011 000 011001 Di 111000011
Α 11 10001ςο0 01 10001, k'i 00001,
Κο 100100 li a mis 00 000001,
Κο 11 1110011011 010010000000111
,110001 1101 il, ,11 001001001100001,
1000 Β100 0000 0010, 010 0101 010 0011001000
(11001 partie 001 1010 10 00000001,
110111ςοοο 001 01 1001 10 10000001.
1101000 10100100 0001 0010 li 101011,
Ne 00 10010010010 010 00000000
00 Ι11001000110100 0 10000100001;
Ρ10010 0’00 101εο001101 0011000001,
11010 un roi 001 10 trop grant 101100001,
1. 260 N’a pas XXX. 000 00110 0100 00001001,
N'a 101 00001 1001 00 011001.
0ιο 11010 11001000, 11οι1 11001 0 01 00111001,
Κ1 1001 0001 101000 001111 01 101010001,
Ne 00010101 000 1101000 0 forment
110 10 110010 00 10001011100001.1
0001100101, 11 00010 01 li 0001001,
1000 ’.1100110 01 0000110 0001 00001000000001.
11101 101000οε ,110100 01 0101001001
Li 1010 110101100, 000110 11010 00010,
110010 001 001, 110 0000 10 0000100,
Ρο1 10010 101110001011010100 01100.
000 1100001 10100100 001 li sieges jures,
1100 01101 0 100 1110001010 0000100.

Ι

4000 0. 10 00111001 Or 1001 1100 11010111001000101100111. 4005
(vin) A3 fehlt 0. 4000 00110101 grant 10000001 Β. 4011 f. 0100
100100000001 11 101 0001 00000 00 0011000011). 4014 [00010111
00 1010000100001] DE. 401610111 11011. 4011 1. 0000001100-
000 10 0001 B; v. 0101001010εο .1. 0100 0011000111 0; 1. 10 001030
001001 D. 4018 101111 Εἷς 00100000000001 D. 4019 01 100011Β;
oi . . . 11001100 01000010. 4020 0. 0111001110 01 0001001 Sor li 00
0011000011 1010 1010001 11011001 0001101 00010 10100001 Qui 00 a
fait 101000000011010001Βς 1011101111. 4021 1. li 0010010 00110100
0000101001. petit 0001001οε DE. 4024 0001001111

 

