327

2811111192. 18111111181188 1811818811188 240.
11181118118 223. 249.

11388881 82. 2818 de 881881, 0881). 176. 180,
2118111818, Joh. 1. 179. 187.

281181, 81831. 1. 65. 21181811 188.

Berichtigungen.

Der 18188838181 1881118111318 818811831181, den 1118181131 38-
1188818811 8811111118181, 811 er 1811118111831, 18188818381188, aber in·
1813811811811138188118181381811118 1181881118 81811 18131181, (118188
plen 8811811118 8. 111888811111.1111 8. XIV 18 18118111388.

1888811818 181388 18138818 181118 die 8118818118 918118188811 (118811-
181181 8811131811 werden:

1. Χ 18118 8 1. 8. 81811 369 1188 396.

1 Xlt 1 15 88. 1 salmoriensem.

1 38 1 12 1 1 1 1811811883118188811111883.

1 19 1 20 1 1 1 11888181188118111888181118.

1 57 1 21 1 1 1 11818811181111111881.

1 6? 1 20 1 1 1 1111188161311111 Wflrttemberg.

1 ’15 1 13 1 1 1 9181188881181111181111888

1 18 1 ’1188118888118381118881818181188188.

, 79 1 5 1 111138 888118188111811818188.

1 88181118 teile 1. 8. 81811 Wortee 1181 werten.

1 93 18118 18 1. 8. 11811888181811118 1181 888181818816.

1199 1 118181811111111-181811118111-1181111.

1 1 11 1. 8. 11811 unwiederepreehlieh 1181 8811181881.
1 1 21 1 1 1 Τ18181118111 1188 (terebinthi.

1112 1 91. 8. 1 111881188118111181811118.

1 119 1 41 1 1 8111111118181-11811.

1 158 1 13 1 · 1 11818118181181 terebinthe.

1 160 1 21 1 1 1 11811181 1188 Kubbet.

› 179 1 20 1. ο. 1 81118818131188 wttrttemberg.

. 180 1 1 1 1 111181311881111813.

1 291 1 1 1181181181 1181118.

1229 1 1 1 1 31181881188 31181188.

1 247 1 7 1 1 3 1131111811 1181 Aegypton.

1 253 1 8 1 1 1 Neptis 1188 Nauplia.

 

