570

1ωο0016,0050013384;101050113354 1. 5244, 00 bon 1.5265; 00 0010
3784510572. l. 5131 1>; 00000150 50000101
10016, 550011055011 8926; 0005001 110000 93, 3555, 4853, 5262.
11281. 11000501, 5101000 1600 4750, 4757
10110, 0000050 3546, 81210 0000100 Δ; 0000 001. 2463.
000 1. 5267; 10101010050 0000050 1100 8692; 0001. 3 ng. 1101610, 1011 .
*306 B; 0. 0050. 110001 2162; 0. 01. ,
10110100, 0010001005οτ 4936. 01. 1000. 10500 610 B. ¹
10 (latum) 783 00 1000 01 00 16 11016, 000100111193, 197.
4464, 1111000 3286, 5323 D, 9543.
10 = 10.. 110 (locum) 4217; 000 lius, 00
1000010, 0050000010οτ01 13. 00000500 0101100 8079.
1001000, 1001000001 4632. 110000, 151. 1 01.]10000000 7735, 3 3
100500, faire 00001 1. 0 qu. 2985. 50000001 5530; 1. 0 0001001000 3
1000100, 50005100100 5920 D. 5347. ’ ¹
legeris, 1010510100 14, 9919, 9931. 10500001, 00010, 1050001016110 105,
100111, 10000000 10247. 0500 1900.
10000110 3339, 4261 ; 100 0100 6356, 1000, 0011 2897, 4169, 7025.
96360 0010, 325, 840, 1460, 3286, 101, 010050, 0511000010 L 5133ς
4615, 4773, 4935, 5120, 5196, 0 1., 0005 001 6293.
5215. 10100, 100001 8403.
10000, 10101000 5011 11402. 10100, 50005100010504449.
10100, mit buohstaben 50εο5010500 10100, 00005 11050 (P) 510000 71760
170, 3359, 5866, 69940 0010501 1000010 7937.
153; 00001. Roman. stud. 111 101010, 000000 3160, 8651.
576, 3500100, 5101001005. 1000, 00 1., 000 000 10000 3439,
100, wolf 1832, 3716, 4712, 60083, 3570.
7853, 7366, 7922. longa, 000. lange 0011 11160.
lever, 050. 0105 0050500100000100000) 100010, 00001 792.
1215; 1000000505οο 6609; »10- 100100 (1000001000) 2217, 4915, 5673 ³
nir 000 10010010 baptismam· 1000 (illorum), pron. 0000100001. 1
980, 1503, 6066, 6832, 6889; 1. 3433 11.
0000011 (010 001050000000500000) 100, ruf 126. .
7002; 050100 qu. 3005010000 1000001000000500500010501010050-
7063. 0601000 5922. 5
110015157,6541;00001.11100175.8 losengier, betrtiger 3340, 5675. ³
11 359, 00001000 4, 770. 1000, 0010000101101748, 2658, 4476, ’ς
11050, 00500050 3040, 4732, 7568, 5489, 6332, 6956, 7339. ³
7658. 10100, 101010 4176;00110. 3 eg. 100 ’
110, 5010, vin 0001. 5669, 5650; 1010110789, 11127, 01. 1010001
00001.1“600100,010100217. 646100001.300.101015027; put
110010000051005510 00101. 48448. 00110. 1010001 3459, 5113, 6572 1
110000,005015000000000000050000 101000, 1105162880050000 1000 6273,
9354; 00001. 11100 wb.·11147. 5154.
110, 0000510051797, 3539 3 00 001 10001000, 11051688; »001110000 0000

 

