602

119191199,99999.169193350; 999 11991969, 1999191961 699 9919199
199919 99166191 3383. 1199911199 1396, 3971, 5491.
11911199, 99999999, 4043, 5299, 8049; 1199119999, 91961 in 8999199, 99
11911699 8071, 9091. 916999 699 199919 191313, 167,
119999199169 Bahal, 999 1999 99- 1136; von 11991119 191999913338
166191 24689 11. 11999919, von 19.; 619 999191619999 der 91961
Yvon 991661912488; 1199991991, 9196 9919999199 3412199 99991
999 Gui 991661912150. Histoire 1111699199 6919 Franco,
1199991999 10468, 19419, 10480, XIX, 649.
11999919 10418, von 199919 99- 1199119991,99999.99919, 6418 von
166191101θὸ9 Μ9999196911999919, (191 99166191.
999 199919 99166191 2649. 1199991991, 9991999911999166191
1199991999, 999 39999 1199999999 3484; 11. 11991169, von 199919
99166191 2889. 99166191 4660.
119919, 119119 6646.
119991199 1649. 11999199 94149 obl. 11999199 93389
1191999191, 99999. 16919 10404. 1169399199996319 99991. 1999991
11991991, 11999 69 11. 10339 99991. 69 1199199999, 9. 311 (11919999).
119991 69 cambrai, 9. 371. 1199199 3447, 8980.
111199 69 1191999999 6189, sant im 1199999119199999 6911. 204, 991,
1999195261 1169119119, 100773 3292, 8893.
Μ. 691911991199, 999 199999- 11999199, von 1191699199 99166191
166191 2379, 116911199191, 11111 3595.
im 1999919 34469 11. von 1999, 119999, 11961, 119119991199 7943
von 1199991119 991661912963911. 1191999, 19 99919 11. 3974, 4582;
11991999 6797. 1111999999 11. 3609, 4333, 48539
11199,1999916911.3439. 99 pre Noiron 7776 119 99991.
1199199691 (1) 4762. 119991 69 01991991, 9. 372 996
1199911991 2454, 11991911914136. 9199999169 unbem, 9 372.
11991919, 1991999991 dor 1999199, 1191999619 9346.
2893, 3486, 11. 19 099199 2011, 1199999139.
3603 130. 1191919 3483, 4049.
1199991199, 3106.
1199991199199 69113216, 4903. 0619, machal 119919 8133.

1199119 (1) 3139, 3513; 119999 69 09199 69 1199999199, 9348; 99191.
Μ. 4196. 1999991 69 Narbonae, 9. 212.
1199199999119 (7) 6252. 0119199, 199996 11919969 1554 ; Ο.

1199199 11) 10286. 69 1199191999 10343 Δ.

119919ὶί991, 991 699199 11. 6003 Β. 091969, 91999 6Ὀ. 4657.

11999699, 699 19119919, von 199919 0999999, 99911999919916619135239
991661914183. Ο. amitant 6119991997390.

1199991691119199, 99199999 21599 0999919, 99999910. 34349 99991.
2833, 3192, 9991199911199919699 69961999 Ρ. Meyer, 119991 69 Osm-
geworfen 5118. brai 9. 313.

11999991, carazone, 3480, 5104. 09999919, adj. von 0999919, 3118

 

