457

6161161. Fiir 666 1611, wo 616 16616666 6 616661 1661661666116166-
66111, 16616 1611 nn: 1611440, 166661166 608, 16666 609, 6161166611,
6666666666 612, 6616661166 623, 6666 636, 611 1321, 16666611 1336,
16661611 1336, mosomii 1338. Anlentendes 6161611616111611161
2606.

01616166 6166 16 6066661666 66666, 6666616666611666 6166
611 616 66666166616 16116161, daher: premier 6196, 8688, 1161118124,
equite 9722, 66616 10840, 61166 4466, 1666 6296, 066666 6297,
666616 6299, 6116666300, 661611 6301, 666 6317, 111 10841,
6611614739, 6616161 6676, 6166616611 161 6 6666166611611161 in:
116166 1071, 3337, 66616166 1081, 166666 3061, sapis 3718, 6611116166
4244, voles 4243, 1666616116 4623, 16166 4624, 161166166 4630, 666116
4641, 66166 6198, vestus 6206, 6666666166 6449, 6616111166 6869,
6116116166 7868, 666116 7879, 7891, 661666116 7898, 11341, 11699,
116166 8034, 661616 8232, 616666 9167, 6166 9179, 6666111666 10632,
6666166 4267, pres 4271, regnes 6162, 616 7677, 6611668096, 8099,
9193, 661666 9172, 66116164617. 066 6666616661 161 16116161 16
66111636, 6661 161 66616166 2661ΑΒ, 66661616 9020. Zu 6616611166
1616666 pois 7437 61611 66161.

061 6166161 1166661 6161111166 6116116 666 1616666 16116 66, ohne
166666, wie es 6666161, 6666111666 immer 66666111 66 haben.

Ais 6666616666 6661 geringsre 1616166161 6166 66 nennen:
murs 1667, 16166 696, 6346, ierge 602, 1240, 6336, 6366, 616166
1179, 1190, 9194, 66166 1191, 1197, 1246; 6163600, 1116616 3608,
666616 3616, 1166116616 3616, pers 3617, 6616 3618, 666616 3633,
61611616 3634, 616161111, 8087 , 616166 96406, we B ciere 666 D
16111616 116666, noeirs 8066. Α61161 arabis: 66161166 23414, 66-
merke 1611 noch: nessei: charmin 349711, pas: henneis 34970, revois:
661616616 38440, 66161661611166616616 38460, periris : 66616666661
44140, 6666666 : 6666166 46760, estrange : 11116666 46970, gnie:
11661166 48090, lie : 66611161 48990, 1661611661ε666166611161 49190,
feresne : 6666661666666 66890, 0 661616116616166111666 eui 61661
66166 6161666661, 611661 6392 666 1161166116 wider 611 -61661
1161161,11661111611666661111110 16161. W. Meyer, 261166611111111
1666616666 Ρ1111616616 IX, 621. 0666 661 6166161 um einen reim
nieht 16116666161, 61661 men 661 666 doppelformen 1611 1832, 16
139, 1118, 1126, 1134, 1164;6616111833, 66161124, 6611166 2411,
661161116 3636;..766166616111 2260 66666 Jerusalem 8143 6111 6116161-

 

