440

506515 516, 528, 534 und 535, 539, 661, 1067, 1105, 1106, 1110,
1111, 1114 515 1116, 1126, 1130,1133, 1140, 1142, 1143, 1145,
1149 und 1150, 1152 5151154, 1156,1164515 1166, 1173 und
1174, 1160, 1186515 1189, 1194515 12411258, 1277,1304,1633
5151636, 1640, 1653, 1657515 1659, 1661515 1663, 1672, 1697,
1699, 1715, 1717, 1732, 1828, 1858, 1881, 1898, 2009, 2011, 2045,
2057, 2058, 2171 5152173, 2180, 2202 515 2204, 2209, 2342,
2476, 2731, 3106, 3202, 3344, 3719, 3747, 4041 und 4042, 4218,
4229, 4429 515 4440, 4494, 4670, 4819, 4895, 5077, 5233, 5299,
5300, 5357, 5436, 5446, 5575 515 5577, 5659 und 5660, 5720 und
5721, 5723, 5803 und 5804, 5806 5155810, 5812 5155815, 5892
5155844, 6032, 6113 515 6115, 6122, 6129, 6131, 6153, 6186,
6667 und 6668, 6706, 6752, 6874, 7065, 7071, 7111, 7292, 7303,
7415, 7418515 7420, 7551, 7641, 7651, 7752, 7850, 7876 5157878,
7892, 7893, 7895 515 7897, 7900515 7910, 7916, 7928, 7937, 7979,
7993, 8018 515 8195, 8219, 8249 515 8251, 8497 5158534, 8550,
8553 5158567, 8571, 8575 515 8643, 8659 515 8673, 8675, 8682
und 8683, 8685 5158687, 8707, 8716, 8742, 8761, 8763 515 8767,
8773, 8779, 8824 515 8826, 6643 5158845, 8852 515 8856, 8867
515 8869, 8891, 9032, 9046, 9057, 9061 5159193, 9216 und 9217,
9225, 9228, 9233, 9259 515 9269, 9296, 9336, 9440 515 9447, 9456,
0476, 9506, 9538 und 9539, 9720 515 9722, 9882, 10103, 10238,
10463, 10553, 10588, 10662, 11494,1151651511518, 11598.
Η51165555115 Β.

Es 1551511615 verse 26, 92, 102, 103, 104, 251, 253, 254, 382,
390, 404, 470, 563, 566, 616, 702, 785, 890, 970, 1353515 1355,
1357, 1366, 1572, 1582, 1596, 1608,1666,1669,1752, 2014, 2014,
2015, 2482, 2610515 2614, 2732, 2794, 2809, 2871, 2889 515 2892,
2934 515 2948, 2957, 2973 515 2983, 3021 und 3022, 3118, 3215,
3242, 3280, 3281, 3294, 3319 5153321, 3425, 3467, 3469, 3594,
3644, 3675, 3732, 3812 und 3613, 3981 und 3982, 3997, 4166
und 4167, 4420, 4512, 4514, 4603, 4606, 4708, 5241, 5313,
5503, 5530, 5657, 5701, 6305, 6317 5156320, 6365, 6616, 6640,
8642, 6801, 6936515 6954, 7131, 7261, 7392, 7429, 7548, 7560,
7753 515 7757, 7822, 7920, 8311 515 8343, 8351, 8358, 8381 und
6362, 8384, 8398, 8540, 8547, 8702, 8725, 8748 und 8749, 8754,
8790, 8831 515 8833, 8848, 8851, 8877, 8895, 8898 5158900, 9194,
9208 und 9209, 9346, 9350 und 9351, 9383, 9400, 9465, 9508,

 

