42

11010 01000000 00 1000100 00 001001,

000 Ρ110 0 00010100100000100 010010
,1100011οο 0100, 00100100 mon 0000110011 ·
01011 00001000 0010, 101 0000 0011000000001,
Ρο0 000 00000000 00 1110 1000001001,

0100 00001 0010, 1011 vous 00 00000001

f. 71) 000 De 000100 prou, 101100 101 ’1000030011
81 0000 11001 01 pour 001 01 00000010
’1000100100 1100001000 0001 01 00000ςο 010001
Et 00 1000100 1000010, 10 00000000010
Se 11 10 01000 10 10100110010000001

000 1111001 apres, 1011 01101 ·Ι· 001001
De 000100 fille, 10 bele, 10 00111001,
Κο 101 garder 000011 0 00 0000001,

Et 00 100 0010 00 1011 10 0100 000001,
10001 000 amis, ki ira 10010001

000 010001 mariage 10010101 00 00000
000 00100 00 101 10 010 000 0010 pensant,
Κ’00000100000 1110001000 10 10001001
Et toute 10000001001100 pots 10 11110001.1
11001 0000100001 0000010 01 Ρο00001ι

0000 ,Ηο gentis 0010, 00 00 plus 10101001,
Mais 100 00000000 prendas 10 001000001,
Κ’0001 1001 1011, 100 0101 0001 1001000111

11

989 00100οΒ; [01 01 00010 ,1. verneil 1000000011 D. 990 00 01-
0010; 01 0 D. 9931. 00 0000000111. 9941010111). 995 p. 01
000111. Β; 101011 D. 996 0000 11 100000 par 1101 0000000111. 997
e. 0000 .. 01 home [33 000 1010 esp. 11 1010000011000001 D. 998 d.
1010 france 10 grant D. 999 01001000 &fehlt 1). 10000100
0000001100 00011 Β; sant 0; 00000Ι 00 0111 00011 D. 1001 10 00010001
Β; 01 10000001 01). 1002 0, du 000010 1001 0 000100101001 D.
1003 011 0010111000 00 000 je 0010 0001001 D. 1004 10010001000001
0; 00000011 0000 00 00 0001το 0010000001 D. 1005 qui 00010000011
000010011101010011), 1096 fehlt D. 1007 (00) 100000 (1100001000
1000111001 B; despagne 10 0000000010. 100800100001Β; 0000
0100010. 1009 0000. 11001000 1000100001 D. 1010 0010 00 (0100)
10101001 B; 0000. 0100000 0001001001001 D. 1011 pren 100 0000000000
1)οο 00000000001 D. 1012 (k) . . 0000 11 B; 000 11 1001000100 0011
0001 1000001001 D.

 

