565

1101011, 10 11011003 3010111011 2039,

1011. 10183.

11001,1061001100 1861, 6280.

11000, 1011 110000010111011 4079 B,
4121 Bo, 10565.

110001, »3010111110 11010601 4763,
10520.

1100101, 11101 4783.

110010101,11101100,13.11000 3671, 8756,
9340.

1110600, 00110 001. 60 qe. 4560,
6500, 111511 01011 1. 60 qe. 2368,
3606, 5396, 6500.

11110, 060. 011111010, 0120. 3 03. 1111
373 Β, 6001111 Α.

1101601, 1110060, 1101110 2774, 5176,
7295, 79571 060000 11016010 2023.

110101, 301000 7637, 3432.

110101, 11061, 0016100600 10237,
10270,105681 10131. 3610101, Aio!
0111051.

11011, »3010166111010162481 10131.
110001 60 cambrai 712.

1101001110, 00103111101003 2921.

11010101, 1016100600 609, 3482, 30621
060. 4152, 4760, 6608, 11117.

1101111010, 610 spitze 600 6001009530.

111010, 0061011006οὶ60 5875, 7844.

1011, 11 111110 2734, 44431 31110. 3 pl.
106. 1010111 5235, 64801 1 030001.
11110 43861 101. 3 03. 111110 71141
imperf. conj. 3 pl. fuissent 47701
p. pf. 1012681 0601011241 10131.
1610101, Aio} 00 49 006 182.

101000, 100030 77, 2930, 3601, 43061
1011003 6133, 8834.

101110 2036, 3362.

100 (10000), obl. 10, 1658, 2836, 4460,
4606, 6221, 8943, 10841.

5671, 66161 pras· 3 03. conj.
30010128611 10131. 11610101, Aiol
111477.

306, 011001, 10011 0 300 731, 3506,
10228, 001300 38911 60100001
000 300 71741 060000 3060110 4.

30601, 0300000 209.

306010, 006010 264.

3010060, 110010 6498, 6696, 6709,
6753.

301100, 003, nicht 10030 her 8325.

30110, 1100110 3041, 6109, 10006 Β.

3011101, 1011. 32221 0611011011 4366.

301, 6060 10795.

30101, »1000010 30011001111016001
6008 Β, ,

30110, 3010010 25, 2519 Α, 8972 86111
10131. Roman. 8106111, 581.

30111, 11611100, springen 6520.

3010001, 1011 bordon 60001000 804,
1087.

30111 2167, 2231, 3633, 4720, 51101
10131. 3610101, ,110100 8076.
30100610, 0011010, 3010612551 Β,
48101 10131. 1610101, 060101. LI,
Th. 61011, Ueber 610 8310060 601
66100. rim. von Ph. 11000101
0. 231 avoir qe„ 0 30100610, 01-
1011 10 0106016011 haben 5652.
30100611, 00661100 5818, 99241
daher 301006000001, 0011011

6627.

301001, 30110111, 0060111 10110 3.
60 10011 0 qu. 14421 5789, 8267,
106251 01011 g. 60 qo. 3026, 36641
10110110 0 3. 2735.

30160 = 013016057731101).

301601, 00160106100 76861 nich
1111100 *122

1001, 1101001601 5204, 91301 0011011 30103001, »10130 6001101011 2961.
6227, 881310621. 3011134181 fut. 01130110 5675,

3011100 57661 perf. 3 03. 3011

6001300, 3011100 3828, 3811356471 4522, 5781,6241; p. pf. 3000611111,

30103 7334. 1010511111 7887.
3011130101, 3011100011 3215, 3857 B, 3011000, 1011003 2956, 2981, 5948.

 

