319

1118111 Jerusalem 184. 281.
haue dee Pilatus (setall) 165.
2761. 280.

heus (181 3811111811 184.

- dee reiehen mannes 184.

- derVer0n1ke181. 281.

8888118111 Matiene 184.

38118 1811818111 (regis) 281.

Simon v. Cyrene 184. 2861.
5. 8118111111 118. 134.

111111111111881 182.

heus (181 bosen 11181 118. 183.

1118181831 183.

jllngerhllhle 183. 274.

quelle 8118811 118. 183. 275279.

- Rogel (Bit lliyub) 1341.
18318118181(81118111111111111 118.
183. 274. 279 1. 300.
0. 3188-11113391. 97. 12111. 134.
168. 170. 175.181. 189. 2701.
1181831111184. 186.
coenaculum (81881-11111118) 1171.

139. 163. 173. 279. 276. 2921. -

8.11)88(18181111118118 139. 181.
270. 292. .
b. 18111118181131118118181.270.
8. 3111188131111883 181. 2871.
292.
(1. 3111) 9111112871. 292.
8. 81111118118111181111182292.
1. Τ1188181111ρ8118 149. 182.
3. teil der 311118111811 184.
conventus (1181111881 brllder
v. berge 8188] 22. 11811. 12111.
1271. 130-140. 141. 11411. 155.
163 ff. 1731. 181. 202. 214. 245.
280. 271. 217. 291. 307-910.
1. 1118881181111 1831. 309.
1111181 1180811 182.
3811811811 1111111 182. 292.
3811118181 (1810111111811 289.
381111811118118 (11181881 (lay-
31111) 182275 1.

e. 11111181 christi 275 f.

b. 118111 vom 311111 01111111 276.
8 Stephanus 2. 3181) 182292.

(11111118181 2751.

11181 (1811111811 (ecelesia ange·
lorum) 182. 2741. 306.

lacobus 181181 1818883111 165.
181. 306.

- minor 8111111111 182. 2881.

,1818 predlglplatz 182. 292.

lohannes dee 11813. haus 184.
289. 292.

Maria 111111 (181 3118131 Jeeu zu
182292.

Μ111111111111881 182. 289. 292.

1118881811111 lesum 182.

Methiae’ 8181111813 287. 292.

Ρ11111180811 182. 275.-

8188111181 137.

7. 18811138 orte:

Akeamosehee 185. 182. 271. 301.

0111815813 (centrum Pisano·
rum) 277. 286.

haue 111111, (181 muller (111
1811111881 305.

-· (111 1811181111 Metili 184.

Heredes-haue 185. 277.

1881111181-118131111 115 ff. 29911.

1818111811 und 1181111 haue (38·
88111111111111111) 185.

11118118 und kloster Maria (18
Latina 115. 299 1.

11181111 der 111118 1113111881
124. 300.

1111111811811 184.

0111181123.

privetherbergen der pilger 115.

probatica piscine 185.

Salomone lempel (1111118 18811-
88118111) 130. 156. 160165.
271. 279. 293. 303 1.

811111811181111 1111118118 117.

137.

 

