534

15115 151 545515, 51551511354, 1228, 1551 1111151 5111151. nim
1151111151 155 551151155151 h 11151 51511 11515511 15551 aubert, 51115,
151151555111151115, 15 1151515 15151151515. Der 51111151 1511
nom. 1511151111, 5511111151 ο51.111115,551115; ln ,151“ 1511
155111515551151511,1515551 immor 11,51“. Der 55515 obl. 155
1151511515 person. 1511. li 11 1511111111 mit einer 1111551115 151
111 151115 497, 502, 5033, 7540, aber auch 11555. 11 523; 55151151
5111551151 111 (masc.) 11111(1511.)15511111151 gosehieden. Ζ111551151
111, 511, qui 1151155111 1511111151155 5515511151. 01511111 1551151.

' poss. 1511. 11515 151 1151511 657, nicht belegt dagegen 5111 11511-

1111155151 1511151 51515, 5115. 0515511515511151111115151111515155
155 imperf. und fut. von 55115 bald mit 15, 551111115; 111 5111151
1511151511 (51511) im 1511115151, 6383. Die 151115 51511511 115
1 sg. 11115. 111, ohne 5; 51511 151 51515115115115115115 1115151511
111 1115115 611515 115111511155115 5, 5115 3709, 3947, 5415, 6033, ¹
6049, manc 6088, 115511 1946, 1515 5149. 1111115111. 1551111511. ³
und 551111151515 haben wir 15551 15115 111151ᾱί55155 151155, 1515 11
5511515 7611, 551511515 7619, 15115155 8153.

Α1111555 115155 5111111151 sich 115151111155115155111511111151
11 dem 15111515115115115, 1511 11511151 15511 5111551115111511151, ’
115 51511 11111155551151151555115555111151151 haben und thoilweise
am 5115 dieser arbeit borichtigt 1151151. 1111151111 15111511115151, ,
151 11111551 1511, 111 andere 1151 115111 111151 111 151515115115
1115111115, 115, weit 51115111 115 511511511511151115151, 5151151151
515511511513111 115 55515 11115151151111111151 1115151, 115551

115 mangelhaftigkeit dieser ausgabe wenigstons theilweise 511
5511111151.

 

