461

000104608,1001100010 4877, 1000 6272, 00000100 6678, 001010
8275, 0100 11160, juro 4994, 00000 (vindico) 5724, 00010 6088,
moro 6594, 10 (debeo) 7175, 00000 92581000011224, 000010575,
00010 2423, 5860, 1010 3777,10010 7719, 0001000 4328, 11010 5377,
0000000 5848, 01010 6254, 5000010 6956, 0011110 70905, 0000010
109385, 00000000 11503; 0000 4502, 10010 4974, quando 5921,
7089,100011582; 0000010 2339, 0010000 2957, 0010000 4890;
000100 11160, 000100 1050, 00110 294, 00010 1005, 7891, 8432.

0010000100 e: 000010 708, 00000 914, 000101367, 001101599,
000100101605, 0100001274, 0101888, 00000 2451, 00010 3282,
10110 3333, 00000010 5033, 00106221, 00000010 6236, 001010 6341,
0000011010865, 1000 11012, 00010 11145; 0000 2310, 00010 4407,
6198, 000000010 6120, 00107518, 000010819; 00000 31, 1528, 2408,
2537, 00010 12491262, 1770, 1962, 1971, 3014, 0000 1440, 3467,
6608, 00110 1784, 0000 2393, 500110 (0100.) 2630, 0110100050 (0100.)
2799, gente 3045, 10000 3818, 0100. 100000 4137, 10100 5550, 5945,
5948, 97885, 10 0000000 5583, 00110 6248, 6744, passe (pais) 6302,
00000 6201 00500 000000 84925, 00001ιο (0100.) 7682; 00000051
1001101101000100100100 ein: 1000003284, 1000003371, 1001103875,
4811, 000050 4109, 0001100 3529, 100100 7186, 0000100 9615, 000500-
0100 9889, 0010 5591, 000110 5551, 1010000 5976, 0010010 6482, 100-
0000 7482, 010010 8271, 00010 8977, 0010 9568, 00001. 10000100,
11οο0010050 Studien IV, 49, 4. 000100100100 0 10511 1οε 0001 00-
001 1291, conquir 1304, 110 2247, 3126, 5001 2991, 000001 3747,
00013980, 00014879 00500 000 4294, 4880, 000100 9518, 009642,
9733; 00001. 10000100, 11οο0010050 Studien IV, 49. 105 00011100
0005 010 adjectiva masculina: grande 594, 0000000010 1615, sang-
100101619,10100 1791; 010 1001010οι 10010 3425, 000000 (0100.)
73165; 100 adverbium 1010000010 83915.

Αο0100100100 i: 001001 9477 00500 0010010 (0100 ital. plur.

orfani†franztisisohes plurales 0) 212; 0000500 00101 477 00011
0001010 8238, 00100 000111615, 1105000101 724 001 0500013075, 00-
1100313137, 0100111379, 1642, 0000010οἰ 15795, ’100051 3151, 00001
2435 001000005001 100 singul. 00000 3443, 5595, 001112482, 3124,
1000012523, 10011 2606 0010000050οᾱ 100 singul. 10010 7003, 00-
00011 2756005οο 00000114145, 6809, 11000051 3190 00001 3864,

00014028, 7547, 001 7559, 0001195011, 0000114503, 00115649,
0000011 7517, Ρο000011 7520, surgenti 7734, 00000051 8213, 001001

 

