541

p. pf. 6616 325, 11603166661666
6666616137456 6661611161, 66166-
66616666 60066 16166661 3761,
4008, 8317, 3761, 7588, 7976, 8430.

6666, 0666610846 vergl. 'l'obler,
1666166616 86116136 6. 120.

66611666, 6611. 606666 63316 16. 166-
6166, 6616 6661666 10814.

666(6)6616166,6661666,66616616632,
706, 5627.

66616, 1116616161, 0666 59146 66611
54625998, 7879, 7903.

6666666166, 6611. sich beruhigen 1187,
1201, 1206.

66666116, »faire 666116 666 666666
4185 Β.

6616616, 661161616666116116611663131.

61666, band 6249.

6166166, 1661116066 2013.

61616066, 6666166666 pras. 8⁵3. 160.
6161612402, 2406, 2036, 4228,
4483, 4649, 6742, 7312, 10441,
pl. ataignent 2666 BD, 3543,
36246 conj. 3 eg. 61616666 3837 6
ger. Ataignant‚ 616 name eines
6166066 5103, 616 1611660666
p. 61. 616161 3576, 3694, 7363.

61666166, 6611. 6066666 94.

6166066, 6661 1661166 134666666166
36086 vergl. 1566166, 116166 5278.

6166066, 66166666 617.

616666166, 616. 6611660616, 616661·
11629.

616666,666.16606618146 vom 616606
6161666 39026 16. 66 16066 6616166-
dem 3481, 5092, 5754, 7075, 7698.

611666, 6116166, 663. 61666616661166
4366 16. 96066 vergl. 1066166,
0166661. 66 147.

6166666, 66 61666 161666661666666
11511.

61661, 61114116 66661. 11166166,
6161666066.

616611, 16616 98576 66661. 1666166,
[0666611166 66 472.

616666, p. pf. von 6166666, 66163661
1699, 5554.

aubert, seltener 1666166616 16616661
061 dos, 066 6666661161] 066
6161666 5679.

66566616, 16660666 3560, 5263,
60536661661667409,741810824.

661166, 66666666166066 5228 D.

661666 (alburnum), »666160661616-
’666666 1870, 6260 D.

6666116, 616166666166, *8116 66-
166166 9368 801).

6666166, 6611 1279, 3368 3003, 3818
Β, 98336 vergl. 1666166, 6116166
10676.

666, 111116 6763.

661666 899, 2152, 8702, 37756 66631.
4666661 06116616666, 66661616166
6. 206.

6616166, 666666616616 26326 666661.
(16061666 1, 493.

66166661, 6661661161660 1373, 3470,
8629, 4550, 5784, 101666 vergl.
80166666, Roman. 81601661 258.

66361166666366666106 6666666166
00616616 *1031, 71556 vergl.
Godefroy 1, 496.

66666166, 6666666166666 1111661-
ling 2152, 37626 6666166061666
66166 6166666

66666166121546 vergl. Godefroy
66166 66661661 1, 281.

6666, 6116 5221.

611666, 6666661666 329, 1268.

611666, 16. 6666666616 12986 616.

66661, 6066666616 820.

66661616, 666666616616 6666111666-
60606 2890, 5054, 5104.

6666661, 616166 3682, 11 6. 5775,
6929, 75446 6. 61 11 6161666
5164 Β.

666666, adv. 4366, 6658 Β, 8358,

666 = 616 (illos) 135, 284, 323.

 

