127

11010 011001οο0 10 1011110001 00111010,
0000 As 1100 l'en portent 011010 gent 000101010.
1. 210110010000000010100011010 100 10 1101010,
1100101 1001010001, 01 00 000111011 011010.
0100011010 1011011001, 11001010 001 100100,
En Morligane 000 1011010οο 1101000,
0100 Les 11001010 001001 01100 11100000 gemes.
Et li 001100 000 1010010101 1100,
Li 1010 11010000 10 10100 01 01100000
110 000 00001, 100111 10 10000100,
1101011 001011 0000 1110001100

0100 1101101 001100, 111 001011 01010 getes;

La nuit 10 0011001 000 11000 parentes,
L’ondemain fu 0101 101 0010100,
1111010 1101011θο 10 101000 011100,
Ρο01 00111011011101000101 uns 100;

0000 As 1011100100 et li 11000 100100.

La 01110001, 000 001000 mos 001100,
110 000 00101 0010010 010100,

11101 01101011οε ,31101010 0010010οῐ
Rois 11000100, ki d'Eseautlio 001000,

0000 11000 11001 0000110 01011 .X.m. 011000.ιι
Et dist 11101οι ,11011000 00 0011 10101(ι
Il 000110110, 01 00101 001 000100,

11000 101 010100 100 01000 10 000 prives.
00011010 101 0011101011οε 0100;

0010 1101010100 100100 00 100 vous 0000011001
L'uns 001 10100110 11010100 01 000100 ;
111010 110101100 0001 1001010 0100100.
11101 11000110οε ,10001011 100110100,
Νο1 garira doignons 00 101100100.ιι

0010 Α 01100 0010100 100000111 amires,
3

3236101111110. 3293 bis 3293 1011100 0. 3291 101111 31111.
3295 01 plus 111 101 0111001 01010 01 fines 01111. 3299 0. 000 duel 001
0000100 Β. 3302 [verse 3293 bis 3298] 0. 3305 v. 011101 01100111
1011000 B; .XX„ 100110. 3307j. contre 1010010100 D. 330310.
10 000 harnes 31110 ; 1011110. 3309 101111 D. 3310101111 01111.
3313 0111001010100 Β.

 

