488

1666 mre 66611661 66666 3 6) 66661 616 16166 6166 166 6167
interveniam 6) 6666161 16166166 16611 (666 61616666 616666
6161666), 666666 1616 6177 666 6194; 6666666 16611 16166166
6666 16 Β, 0, D, daher 161 616661 616 616666166661 166 6666666666,
1616 6196 16611 6116116 1, 66616166 16 Β, 0; 1616 6169 iun
161, mie 66116161 66161, 161661666, 6666666 116166 6209, 111666
116166 anderen stellen, 161666 6616666; 661666 6661661161, 66661
111 116166 6666161 6666666111166 616 nnmittelbsre 1611666 66611661
66666 1666, 66661 61116161616161616661161661666616666666661111ς
616 6166616 16116661666611 1161 F 1611 Α, wie 1666 666 6666611166
66 661 161666 6161, 6169, 6179, 6199, 6216 6666666166 116615 1611
Β, D 66611 in vers 6147, 6244, 1611 Α, 0, D 16 6192, 6111 Β 11
6214, 6247, 61110 16 6204.

1161 616 6611661666 6661616616 6166 66661666666; censens 6162;
enites 6174, 6616187, 6611116661 6230, 6231, 616666 626ος 16 = ln
6167, 6198; 616 6188.

16166 11611616 66666661111 6666166 1116616 61111661 P. 1161666
61616166661666611611 ,16 Libro 666 6616111666 remane Aneixe 16
66 666666, 16 11666666 - 111 6166161666, 6616116 66 66616 rese‘¹
666 661 616616666166 11616 6111 ,32 Liber Romani 16616 Hispaniae
-1661616616616, Ν. 32, 0611. 601.Ι 1666166666661111116 disse
666666611116666661, 1616116166166116661ς 116166 66611 ,A ehi
pei desiderasse sapere 666 6666 616 66666616 61 6666611666. 6666
11 666616 XVI, 661 116666 666 61 6611666616 6616 66616 troppo
11616. Ρ6661661611 666661666 66 6611616 6 1166666 insieme 66161661
61661666 16116116 6116 6161161666 6616666; 1616, 6 116 611 altri
16111 666111 666 spetiano el 61616 6106116, 66661666 61666161, 61661-
riti, 6 161666 16166 66166166661616661611. 1166 6116661616 16116116
1661 61 16666 11 6666616 666 66616666 61 essi 66616 1161616 66 si-
enne 1116616 116 16 166666, 6 616 66 161116616 116 1 666161 11666661
61 661 66661666 66666 66616 16 116161666 61 Veneris ‘.“

6661166 1616 6166 66666661111 166 666616 66611 166 G. Paris
erthnt⁵: ,Le ms. 6616 B. N. fr. 12669 (666. snpp. 11. 106) 661
66666 6661111666 66 66611 661 66611666661 166 poenes 66 61616 66

n

1 6166161 61 066161 11666661 Ρ666661111 66611 namneum 661616 XV,
1166161116 ii, 66116 49. 2116166616 11, 66116 61. eliensem II,
s. 65. 4 Romanis 11, 66116 68. 6 11661661611111,66116104 666106.

 

