601

6116136 6663111666166066616661, 16611666, 66666. emir 3174.
6. 368 1666, 1666166, 66666666, 666 Gui 36166161
1666166666, 16666 666 416616, 2545 34786 16661666 1616166 (111894 Α.
666 1166616 3616611616 616 6666- 1661666666 21, 3017, 6616 46611666
6666 31616166 666666161113870. 66 1.. 21566 1616366131636 Lui·
666666 * 3684, *11222
Κ66166 18, 37, 54, 114, 1406 lanitia, 66366 (161. 78776 66631. G.
1166166 826 [1661666166 26336 Ρ6616, Romania 11 5316 116661 (16
11661666661666 *1446 1166166, nom. 06661661, 6. 3706 Roman. 11166111,
13916 66631. 146666-1111166, 06666· 581.
6661116 66666666. 8666616666. 23. Lyon 7741, 7749.

hande, pl. 1666666 89666 66631. 11666166, 9699, 666 1166166 36166161
116661 66 06661661, 6. 368. 9800.

1666616661466666, 666 41661661 Μ6661616, 66666666, 66606136-
3616616145486 66631. 4666666166 166161 3561.

116616666, 6. 269. 1166616666, seigneur 66 1161616, 666
166116, 66666. 1666 4041. 4666163616616124836Μ66616666,
1666 912, 2964, 3786, Loon 113336 1616661613661666611166, 666 [161-

1666616 10098. mund 361661612996.

Latin, 66666166 52676 1616166616 1166166, 611116 6166 3666661661611
66666166 60576 16116 61 romans 66 Κ66166616111666 666666 37706
75626 66631. 1766166666661616616. 66666666106661663899616166611

Laurente, Lavino 66 b. ’1676 666616611666666111116616614549.

Lavino 66 Laurento 1676. 1161666666, 6666. 10656 obl. 1161666

1666666116, 66666666 5275. 907, 1161666661 9396 66631. 116661

16663666, 1663666 (116616116666) 66 cambrai, 6. 370.
93⁴0· 11616166, 66666666, 63516 666 061

1661166, 16616166 166666 498, 2045, 36166161 6371.

4433, 11017. 11616166, dieb, 1399, 1161166166 Β.
Libe, 16116666 5298, 5763. 116666661, 66661661 666 1166311661,
16666616 9555. 666 466616 361661612453.
1661666666, 1611616366 9366. 1166661, 5666616666 666 116166 9556.
1616116666, 6166112) 16 8666166 2291, 1666666161, 66666. admira} 3745, 666

2366. 1166166 361661618810.

1661616661 9359. 116616, obl. 11661166 9510 B.

Longis 260 06 66631. 11666166 0666- 116666666, 616616, 6661166 666 0666-
1661, s. 369 666 16666166 1166- mont 66646 36166161 6776.
bonne, 6. 269. 11666116, obl. 70, 66666 1166611166

1666666661, (= 11661666 (7)6 66631. 357, 8976 nom. 1166611166 3924,
6166666166 1166666666. 271)9874. 1166601666 9169.

16666661, 661 6621666616, 2510 666 1166666, 116666 (86666-61166166)
466616 36166161. 4328, 8857.

1661616661, 11 3666 L. 2474, 47726 1161666 de 1166666 96976 6661161-
(= Lucifer). mund 36166161 9803.

 

