551

661666. 6666666166 1874, 6. 148ς
666611. 1 6616666616 7012; im·
66661. ng. 6661 (66 dieu) 1505,
1578, 66616 11356, vergl. 9125;
6661. 3 ng. 6661 10990; p. 61. 66611
3796, 8807, 4643, fem. 666116 6362.

6661666166, 666 6661666166 2921.

6661616, 66616166, abs. 1666666 2606,
3187; 16. 6666, lag. crois 3109;
p. 61, 666166 6229, 666161 9766,
sem. 6661616 718, 2539, 4806, 6661-
6666871, 9807.

66616166 (66666666), 16. 6666161666
385; 6616. 3 ng. 166, 6161613415,
5804, conj. 6661666 101, 165 ; 6661.
Bag. 6661 7330 i p. 61. 66663796,
5302, 5929, fem. 666116 611, 2090,
6362, 6721, 9819, 61. 6661166 611.

666666, 16666 6666166666 5820.

666661616111616611, 666611 5883;
6666116616, Aio] 66 1220.

6666166661, 666. 16 61666666 66166
9834.

666111161661116666), p. 61. 1666611116
6332, pl. 66111166 6911 Β, 661161166
6911.

661, 666. obl. von qui.

6616, 666666 16 6. 61 16 blason 4299
DE, 4520, 6608.

6616661, 6616616 167, 172; 66661.
116666-161116, (1666661116. 407,

11616, 6666116661 3789, 7867.

6616116, 166166116666 5923.

6666661166 1135, 6666666166 6622,
10000, 6666666 6989 D.

6666661166, 66161111173; 66666·
661166 5950 B.

666616616166 d. 66 66,, 666666 1166,
66161666161166 6666166 2184;
6666 6., 6166 6616666666 6088,
8151, 8515, 8580; 666611 8951,
4911, 5704, 6922; 66661. 1666166,
261166161111116 061666. (1666666166
1874, 6. 140666 6161 66 228.

6661 (dominus) 2060, nom. 6666
165, 3062, 5496, 6955.

666616 (6666166666) 7861.

66 (deum) 888; vergl. 1666166, 6161
66 710.

66 (datum), 6116161 8299.

66, 6616661116, 666 1666616666
116166166 mongon ⁸1129, 2134;
666 6161616666 666 166166166
6611616166 *5465ς 66 6666161 666
666666116 *1020;16166 66616616-
116 6635; 66666 1661 1249; 66
666 1166166 954 D; in 1616611, 116-
616111161 9115.

6616666166, verul. aire.

66166166, 666661661666 6047, 66-
6661661666 11474.

6616616166, 6166661666 (666 166616-
16116618112.

666166616, 6661. Sag. 6661161 10905;
p. 61. 666166 9581.

66611666, 66 6666 gehen 3310, 8384.

6666166, 6611666166 5895.

6666166, 616. 6161 66601666 6980 Β,
11531 D; 16. d. 666 6666 8909.
666611, 1666666116, menet 666 6.
6961 ; 6666611666, 166666 10800 Β,

11591.

661166, 6661166, 1666661666666 93856
vergl. 8666166, 6161 66 835.

6616666661, 1616666666, 6666666 d.
10317.

666666, d. 66616668027; 6163405.

661616, 661616, 6616166616 44, 4527
Β, 7433, 7445, 7450, 7855, 8063,
9618;6166661666 6233 86 6661616
11862.

desolor, 61666666166 6806, *7841

6616666166, »lieu 6666166, 264ος 66661.
(16661666 2, 466.

6616166, 16 6666 66661166 1025, 6616.
8 ng. 661611 873, 1611 133 vergl.
1666166,26116616016666666616616
Philologie 1, 150, (16661666 2,
468.

 

