574

monto, 11611 11 D, 5325 BD.

11166661, 61. 4567, 5731, 104201
16611666, 666666166 5302.

morant, »de couleur 16666613462.

6161616116, murder 1796.

1661616, p. 111. 16616 103371 16131.
11616161, 2611666611 161 roma·
6166116 Ρ1111616316 11 172,

morel, 666161161666 (von 6166111
pferde) 4756, 10306, 10341.

1661661, 616666 4225 Α, 4632 B.

16616161, 6161661 3944 DE.

6161611, 666666666116715 01 6661·
6666616, 1166611661 6753.

montier, 161166161 111921 au saint
Dente 16. *9450

1666, 16. 616. 1156.

moto, 6111116361 11259.

61161111, prta. 163. 166. 6111113200,
1111161611, 6 6166115166, 1 pl.
6161666 7216, 3 61661661 2490,
3016, 4819, 7141, 79951363. conj.
1116116 1339, 1 pl. 16611666 5164,
3 16611661 50651 161. 363. morra
1535, 2024, 2606, 10293, 1111.
morrone 10193, 21661166 3580,
3630, 5153, 3 16611661 6294,
7575, 102191 11611. 3111. 616161661
3970, 6154, 103341 11111. 61611
41531 11. 23, 3689, 3743, 4153,
9854, 104311163161 qu. 6 166111

6161611, 11611. 3 63. 616113010556,
pl. 1661666 1275, 56991 p. 111.
mett 1341, 4616, 6220, 9566, 1616.
mene 20941 1611. 6616166666 5699.

mu, 61116161 1014, 5975, 6211, 9619.

mutiet, 1611. 61611 1616166166 5799.

mue, 166666 3039, 6752, 7592.

61661, 6166666 10821 6611616 5347,
53371 666, 5302.

mul (1661616) 2173, 63091 1616. 16616
5401, 6907,

166161 2173, 60151 mutet 6616161
Ι16905 Δ, 3167.

16616116616631616661 10799.
616661, 6666666166, 61661666 9947,

9394 1).

1163661611366166, 1616361616611,
6163161 6 6. 1192.

663161, tr. 3975.

661, tem. 6616, 161666 6616, n*
16111611 3974.

6611, 3666166 9782.

11616116 463; 11611. 3 6361166161 524
30111 p. pf. 66 1222, 66611616
5458 D; 16116 66 (16 8952

6616616111 1611, 6616 ³ 764, 1722.

66661,116666116616 6611161111 1371,
3747, 4619, 73741 66661 10413.

66116, 66116 2314, 2493, 5615, 3972,
10995, 3974 Dm 16131. 11616161,
zeitschrift 1111 1666616666 Phi
16163161, 147.

661161, 1611166666 3866, 63681 n.
6 1116115351, 6439.

66, 66 16 40173, 4299111 ne 11166 ³
16 107151 16131. 766161, Ver·
61166616 3616163116 31 Ρ6116, 2161-
schrift 16116666166116Ρ1111616316
11 151 1161116616 3263.

663161, 66666166 3360. 1

16136616 661, 1116, 1666, 11 ζ
= 16 926, 949.

666, altere 663611116161 161 roh· 3
166 3026, 33241 16131. 11616161, t

2611166116 fur 1666616666111- '

1616316 1 147, 11661Βί61. 7, 6130. 5
661161116666, 6161166 desto 1166136 =
10250.
6611666666, 616611 desto 11661361
3643, 3745, 4005.
666ε661661254, 2931. 3318, 3931,
5133, 3006.
666 66, 666 66 190211115, 1661
666 666 3332, 6424, 71591 16131.

11616161, Aiol 16 3391 6661166 j
10715 Δ. ’
6611, 166166 7937.

 

