8

111 Vos 111 vo roi, 111111111111111 111

Jou 11 vous 11111 11111 11 11111111.
(11111 11 1111111111, 11111111111111.
[811 111111 1111111 a 1111111 11111111;

Ohil li aporte, 111 111’1111111111;

111 11111 111 11 11111, 11 11 11 grant bonte.
Quant il 11 tint, 11 111 11111111,
Anse'is 1111111 lui resgard03
La 1111 11111, 111 11 11 grant 111111,
Li 11111111 111 11111 grant amiste:

11 „Tem 111111111 1111 vous 111111 1111111
111 11 vous laist 11 garder 11 regne,
111811111111 1111111 111111,
81111111111111 1 1111 11 11111111
111111 1111, 11 1111 1111111111

111 Ρ11111 11111111111 11111 111 1111111111,
811111 11111111 1111111111 regno,

Κ1 vous 111111111111111111 111111,
111111111111 .I. 1111 11 grant bonte,
Κ1 111111 11 81111111 1 Ρ1111, 11 111111

111 Α 11111 1111111111 11 111111 111111 1111111

’ 711111111111 1 1111111 1111111]
111111 Κ11111 11 1111 11111 devise
811111111 11 111111 11111111,

’ Α 1111111111, quant il 11 111111,

111 81 111111 1111 1 111 1111111111

11111 1111111 1111111111 1111 1111111,
Α11111 111 1 111111 1111111.

Τ111 111111111111 11 111111 11 1111,

K’en Franche 1111111111 11 1111 volente.

ᾖ

, 155111111.,111111..111110;111111). 11111111. ,111111
111111 Ο. 157 1111 11 1111111111 11111 (1. 158111 176 1111111 BGD.
177 11111111. 11 11 regno 111111 811111. 11 regnes 111 1111111 03 11111
1111111111 11 11111 111111 D. 178 111111 11011. 179111111111111Ας
1111 11 oz 111111 D. 1801111111 B; 111111111; 111111 D. 181
11111111 C; 1111 D. 1821111111. 1811111111 B0D3 [li jone 111
1 11 11111 plote] D. 184 111111ΒΟ; 11 11111111 11111111111111111
11111 D.

 

