594

vivier, 11011101 10800 Β, 11250. 101011, 0111 1 1011101410, 3366,
11110, 0111. 1 ug. ind. 111 111001 2111010899, 31110163,055,4230;
101. 1 ug. 1110101 1358; 0011310. 000131011101101303, 4048, 4007,

101001 11604 ; p. 0111. 1111101, 60 8144, 0378, pl. 10011001, 10011001
100 v. 8634, 3680, 100101001. 2086, 45671101. 1001101 3803050,
8305; 10101. 11011101, 1101103441 4020, 6120,10116164201),3 1110110
0. 0011. 10000 7173, 7178; 11110, 1426, 4012, 0 01. 1001160 2108,
1010010111017576, 7587. 6081, 3 10011001 3333, 50681
10 = 100110 53, 155, 156, 338, 410 000611. lug. 10011010 3352, 3775,
006 10011. 3808, 8100110115142; 0011. 0 100·
1061, 0010110ος 01111. 110100 6603 tis 7004, 3 101001 3131, 3856,
BD. 49321001070,1785,301.101001
10110 011010), 1110013075, 3078 E, 5690, 6801; imperf. oonj. 8 ng.
voit (verum), 001111. 10111 6614. 100111607.
1011100,101111001111011 2400. 1010 00116111 10880.
10100010101111100101185. 1016101, 100100, 1010101100 378
1010011001 010 1., 10 601 0110 2360, 2012, 30611 1011001100 11584 Β.
0 10160 7060 Β, 0 0001, 001 1011, ,1001 5321.
01010111 11570.
10101, aba. 001001011011004226; 11.
1011006010 4243. 7701100110, 11000 4683.

 

