358

1000 10 000101 0000001 (1000000000.

nuo 1000 100 011 00010 01 100010100,

Les 000100 100010, 100 mont 00 001 dotet.
Et 11 101 00010100110 00010 0001000
110010001100100 00100001 0100000,
Lor corut 1000 10 00010100 000110000.

000 Le 00010 000001, 1150010 00 00000,
Ρο10 00100 000100 10010100 01 000100.
00 0001110001100 000 10 101000 musar,
000 100010 000 000 0 (11000ος
11001100 00 0, 11001000101000100100,

00οο 000 10 famine 100 0000οο11 001100.
110001 100010 101 1100 01000100,

Contra 100 000100 0’00 0101000001 11 100ος
Li tois 100 10100, 0100 1011 00101 00100000.
Rois Anse'is les .11. 000100100110,

0000 Ρο00 10 000011010101000100 0010010110.
Et li doi 00010 00 00000100001 mie,
0000000 (1000001 (101 (10010100 (10 Ρο010;
Ρο10 0001 000010 0010 0010 000110,

Lor 00000100 10 00011001 000011110.
1621 0000 110001 10 00100 010 0000010 010,

Ki (1010000 01 10 100100 00110,

De 1000000010 01 1001001010,

Κο 10 famine li 001100101011110.

1000001 010100 10 0010 000110;
9

9941 00 000100 (111 quil pensent del 00000 D. 9942 fehlt B. 9943
001 que 001. 0000001 01 (10 1000100 Β. 9941 y. 10 00010 (100100οι00 D.
9945 01 011 100100010000 00101 (10 demorer D. 9946 quant 100 011
y. 01 100 0001 0001100 Ρο10 00 10 00010 01 10 0001 0010000εο D. 9951
[0000001 (10010000 00000θο00 0 0101100] BD; [dieu 00 0000010001110101
,10000 01 mer Qui 00010 0 de 1000 000100 00100] B. 9953 [01000101001
’000000000 0 demandet Ρο00 00 01 quant 001 01100100000 11101 00011000
0100 10100100 00100 Κ1. 10 1011 000010 01 10000000 Il 10 (101101 quant (1000000
000000 Et li 5000 0010 qui 1001 1011 0 1000 100000 mar. 000000 00 droit
prover 1100 0001000001 000, 01 000100 En 00010 ’10000 000 000οἰ0000 guter}
B. 9955 j. 00 001000 01 Β. 9955 und 9956 1010100 GD. 9959
101011 D. 9961 (1. 0000 01 10 00100 000010 B; d. 0000000 10 forment
0000011οΒ. 9963 [01000 001001 quelle ame 000010011010.

 

