866

K] 616 6611611 (16 611661 66111 66161.1
116166661661661, 16 6161 611616 616161,

666 Ρ11166161661, 6666116 161 61661161,
(1666161166 1616166 1616 66 666 666 6161;
Il 16 166116 666666 16666161161.

11616666 66 (1166116, 66166161 666 11161,
, 116661 11116 161616161 61 16166161

sus Ρ661666661666, 11611 616111661 6161,
1111 1611 (16 1616 66166166161 angien
1111616166 66 1616 6161116161;

En 16 6611661 66166 66 66161161,
111 6111 grant 1616, 6666111616 (161 maugier.

666 8616666 661616, 111 66616616 61616161;
„Gentis 1616, 6116, 61661 16 161 6666161,
11616 6116 1661 66 661 16616666161
D’un 161616116, (1661 ja m'orras 11611161,
11661 1666 11661661 6166 grant desirier:

1. 636 661 116116 16’661661661666166616666161;
11161 66 61666116166661661666611161
11661661 6661 6116 grant (1661611161,
(1661116166 16661611 (16616166
Α 166 amis 1161 16616111 616161,

666 1111 1666 66661661, 166166 61666661161;
1161661 1666161 66161166 66 6666161.ι
11661666 6661, 111 1161666 6166616161.
,Bous 1616“, 6161 11, ,66611166 1666 66 66161,
11161 6166616 666616 661666161;

8441 fehlt D. 8442 [661 gentius 66616 66 (1611 1161661161] Β.
8446 [661 6166 66 (11166 16666 16 6166161 6161 1161661 16161 66616666 a
parler] OD. 8446 6 6611661 font 6 6116161 D. 8446 [66166 1611
66161661 6666666161] OD. 8447 16166 16 66161 muer 03 r. (1616616111
66611161 D. 8448 6. 66 6616661 66666161 116 ,1. ne 66116 baron 66
6116161161 61). 8449661 (16 menese 6661661 16 116 6116116161 1). 8450
6. 66 661666 6666666161 1). 8451 666. 6116111611 1). 8458 (1666
..6666 . . 166 mortes 66666161 Β. 8456 [6 1161. 661 1611116116
61616161] Β. 8457161111 0. 8461 6 (6611666161.1.161666166-
66161 1). 8462 [111616 666116 611 61161 6 6666611Ιί61] G. 8468 611
(116166 161 66 1661661 66166161 Β; 1616 66. 616 61161 6 6161611161 81166161
1166616166 1666616111. 8464 1661666666 6666161 B; por . . . (16-
· mandet 6.

 

