5

pf. 05555111 3863, 4551. 05555515 05151, 55455858 5066 D.
4388 Β; deerompu 2744, 5293, 0515155, 05151155, 5154851155 2598,

4316; 11855 015 45551055555115531.
14555155, 11151 55 4823.

3625; 5355155 1381, 7493.

devere, perd. 05 1218.

0555511551, 55815581 27183494, 3672, deviet, sterben 6147, 8416 D, 10760.

5791, 7569, 3721.
0551555555, 15155855 5544.

deviner, vermutben 7410, 55558155

9557.

0551550511, 585. 5510551216; 155- (1551535555115151 1683.
5585511511 6601,10307; 5885558511 deviner, 55568155 3936, 7059; 1855,

(von 551155) 7730, 95871 p. pf.
05515505 10301.

destinet, 8551151555 6064.

055155, 58351535555 551 7291.

0551558155, 5155553 5096, 6242.

055155οτ5 0051653555) 3581, 4551,
8385, 7202; p. pf. 0551551 2937,
4331, 4216 (7), 0551555 3824.

0155155555, 85558555 vor 51555,
35953535551055155155736581.

05515515055, 8505115355 8229 800;
p. pf. 055155151 7864.

055155, 0. 5155555155, 555815 und
11515 3473, 6830.

05515555, 5551518, 5518 9951 BD.

0511155155, 8505653115 6411 Β.

05515511, »lien 515518 45, 3927,9610;
1555100553 5145; ndj. 1785155-
3551581517456115155155151110095,
11354.

5585155115 8155155 05515515155

8550515 6930.

05115155, 085551585515155 84661

15531. 7505151155, Octavian 55
1784.

devoir (058555), pree. l 53. ind.

051 386, 508, 5144, 5435, 5961.
6079, 6080, 2 0515 8126, 8 0511
61485551. l 53. 0515 660, 3

0515 8668, 251. 05155 431, 3 ,

051551 9928 B; imperf. 1 pl. 05-
5155155 8154 4; eonj. 3510555-
5551378615554. l 53. 051 5451

A, 05118361), 3051861311266, ,
1 pl. 0555155 9959 B; 555011. 153. ”

05555515 8419, pl. deveniens 8872

01 (01515), per 51115 51 per 015 5607, ’

per 5511 51 per 015 8211, 11 5

pase 1115155 015, 5511 155355 5511
5995, 55155 tene 015, 1555585111
diener neit 7550, 9350.
(15151115 5. pf· destruit 13⁵. 168. 515551055555551515148555.
8827, 9277, 10111- 994711015 41081 0751115555 9357; 15531.7555155,4151

55 1211.

4347, 4571, 4860, 5946, 83351 01554 9355 Β; 15531. 11655155, Aio}

destruction 5946 B.

55 7164.

0551555111155, 55151535153437, 5664, dire, pras. lug. di 1949, 2320.

8577, 8640.

05515155, 8150555, pree. 3 53. ind.
055515 6316.

0555510155, 155555 3491.

0515515, 555651851155, 5535151155
5316, 6683, 6761, 7211.

05155155, 5555519551789, 5555514155
1830,

0515555155, 5555151555115555 23,
6062 ; 5555511155 6383.

3127, 2 015 6064 01 eonj. 1 eg.
015 8411, 5619, 7169, 7465, 3015
17, 67, 9972; 451. 1 53. 01551 186,
4105, dire 867 D, 2 01555 4939,
30155 4891, 5023, 1 pl. 01555
5372; imperf. eonj. 3 53. dedet
4437; perf. 2 5305515 2041, 8363,
1 pl. 05515155 91065 imperet. di
910, 1754, 4000, 5492, 011 re!
4936,pn dites 401,4060, 40635334.

 

