578

00110, 11011101 (1110101000 11000) 001,001162851),9369,1020011513
001000 9504. 11537.

0000111 87091 0000101 2991; 10101. 001(001001), 000 00 111 000 0.
1010101, 11101 00 546. 9371 D.

0100100101, 11014769;10101.110001 0010100011, 0010101011, 0010101110

60 00011101, 1000101010, 0. 346. 9852 Β; perf. 3 00. 00101101 ²

0001010, wuido 2912.
00101, 1111 0010, 1211.
000100, 0011000010 8078; 10101. 10101. 101101, 1010110110 801-
1610101 110110 1537, 6010100- 11000, 0. 123.
10110 00010101 8137, 9069 und 00101101, 601011011οη 3871, 5212
010100100001101814011006611010 BD, 6693; 10101. (10601100 6, 94.

3986, pl. 0010101001 5029, 11098;

76890 00000100, 6101006130100 001610100, 10110015395, 001010000 ἶ

gagen 610 0160 001011110710, 5956.

10724.

2528, 3662, 3898, 4425, 4803, 3784; 0011. 301. 0016110015432;

7101. p. 0011. 00160 30521 10100 6210
0011100101, 10060110101011761, 5227; 601 0010 001610 6276.

0001 0001001010 5847. perier, 10110 10 0. 2613; 10101. (1060·
00010101, 010. brochon, in 010010 11001 6, 101.

0000113394, 3650, 8300. perin (petrinum). adj. 3366.
00016, ungliick 4696. periero, »1113011100 de guerre qui
001, 1011, haut 2460, 6685, 6743, 0011011 h 100001 6000101100146,

6765; 000 0. 10100 9809. 7501 1), 7567.

001, 01011 4345 D, 5460, 11287 Β. 00101, 110001θο 00101 5134 (10111-
00101, 0011111000, 0110015100 5901. 00101, 01011 a 010100).

00110100, 0010 3742. 00100, 1101001110 1101110000, 010601
0006001, 011000 3628, 4423, 4903,

5097, 5731, 8272. 0010, 600101 6865.

p. 0011. 0010106, 1100 46340 ,

0010, ab. 10, 0001, 000, 0011, 1
00000101, 11111601 hand 0011110000 9987 ; 0110. 1 00. ind. 00103347, .

01010 5386, 1023610269, 10472. 2

000610, 0101110000, 101. 2 00. 000-
601003505;0011000060015083,
0011. 00060 46041 11. 109,1377;
1254.

00000001101, 101011101018150; 60-
1010001100010, 1000 4696.

00001, 11. 10011010 3355, 4288,
5558; 01101100 5932, 8948; 1011.
8233, 8871.

00000154,*169; 000010 332; 00000·
1110012122; 10101. 1610101, 1101
001004.

000011, fem. 0000110 526.

001, 001110, 100111101 00 p. 392,
972; 0 010111101 0100. 948 D.

0011110, 1011010 4413 ΑΒ, 0016110 “

D& 001110 11337.
00000010, 1016, 10101001 0589.
00001010, 1100101 3605 BGDE.
00001, 3 conj. 0110. 0010011111 00101,

wie 2967) 7437 (1000001010 0 ,

100101 0000013493, 3669.

00111, 00010 3872; 00 01001 p. 9300

001110101 6000 Β, 1100100 894ος 00-
11101 5171, 6008 B, 9041.

00010 (0000100) 2688, 9713 ; 0010
B; 000010 7614.

010, 0011111100 8306.

010 (pica) 3213, 5613, 6610.

010 (006001), 0001010116 9059, 10573

 

1

