580

55551515, 551515511555151155115 793 pore, 555515, 666145, 55555555 9396,
D, 5515516 11278. 95895 55551. 1555551 65 11551.
55515, 55115. 1 55. 156. 55151804, 1316, 2568.

3126, 3635, 3942, 5708, 25555 5555155155, salben 11238.

253, 8425, 855515210, 1 51. 555155155, 6555151155, p. 51. por·
55555 2589, 9876, 25535 933, 155111648, 4750.

3888, 4236, 4899, 5098, 5979, 555555 = por 555 1129.

9652, 3 555551 3135, 99845 conj. 55551515, 55551555 86695 p. 51. por·
155. 551555 109, 1790, 8414, 6518, 5151 7619, 7775, 7872, 1555. 555-

2 55155584313551516102, 6514, 51515 7134 B.
6560, 8648. 1 51. 5515555555 410, 55555515, p. pf. 5555511 9578.
3 551555513168, 5693; imperf. 555565, 55553555336, 1313, 7052,
1 51. 5511555555 2592 Β, 6556551 7063.
88515 5551. 355. 551151 986, 3128, 555115, 5515511155 8208, 8351.
48704426, 866035515555186211 55155515, 15115155 7177.
151. 2 55. 555555 4944, 3 55555 pontiore, 51551) 5840.
4949, 6097, 6140, 251. porres 55551515, red 85, 4198, 57455 tr.
7846, 3555555161005 5551355. 3132. ,
551271, 8028, 8688, 6106, 51. 5551551, junges pferd 2457, 4760,
5555518139, 3145, 32215 nubat. 10521 B.
55515, 155555515511 2161, 2272. 5551555, wiese 8767, 555555 5344.
555, 551 615551515 115 2526, 4922, 555151, 1515155 51555 24675 sem. Ἴ
85815 mit dem 55511515. 27365 555615 10453.
55551. Tobler, 7555655115 Dei· preer, 51515515 5555155 8405515.
151155, 5. 45 556 8655155, 515155 51156555 8765.
56185 mit dem 15651115 4451, 5555555515, enter 5742.
6449, 65315 55551. 1555155, 6151 premier, 5 515515. 25965 55551.
zu 5465. rorstet, 6151 ru 2385 565. 4433.
5555551155, 111515 555151555 56945 prendre, 5555. 3 55. ind 55551286,
55555555 461, 8464. 251. prender 344, 7372, 3 pren· ,
55551514753,4759. 65518569, 4208, 56925 55558

5555155155, 1515515155 55155555·

55155 1926.

555155655, 65551151555 5790, 6747,

7228.
55511155, 65551515155 6951, 8539.
55555551155, melden 8475.
5555515155, 5555155655 7040.
5555555655, 5155511555, 5551111155·
5515. 351. 156. 55555556551 40365

5155 5555, 55515555 34635 5.
51. 5555515 5590, sem. 55555155

8829, 10063.

9011190116, 15555555, 5. 51. 5555515

9209, 9828.

55. 5551555 3833, 555555 10576
B, imperf. eonj. 3 51. 5555155551
3005, 6256, 36645 perf. 3 55551551
120, 551514440, 51. 55155518569
115424, 103215151.355.5555-
655 1131515555551.55.55551
12724, 6269, 8426, 55553831),
1272 BD, pl. 55556551011, 1204
Α, 6888, 98165 p. 51. pne 4436
1555. 551(5)55 55, 13865 55 5. 5
551.. sich 5511 515555 befeoeen
18845 5. 5555551551 70265 p.
555516 5 155555 65 qu. 747ος
555115115 55515555 10648.

 

