527

nicht ubgcsprocheu 181181 kauu3 11181181 ausdruck ,88118 181811
88 818181* 18131. 1181811812, 466.

7892 111 811881 881188, 18111181 88118, 181 18811818 7876 181
38111181 38181381 11118.

7897 11888118 . . u d’esccrcicr‚ 81111313 188 18118.

7903 trop 118188 . . 01811 18; 18131. 18 7001.

7947 88 181, 1111181 11111381, 8188 38381 118 181118.

7989 Ρο81 88811111 181 haut 111118 1181 A, ist 8111188, 18
18818181 118 8181813183 1811181811 3818811881181 muse, 1881
818181 118 181 111181, 181181 188881 118188811 BcD.

8002 Κ11881811, 18111188, wcuu jcmcud3 181888111181818
8111818118811181811 1811 cuch auf 1818 8003.

8009 11811 u‘ai jou; 381111118181 818 1811888813 im ccu-
juuctiv; 8181 8881 181 181188111181 38188111811131, ,18111818 1811
11811 1881111(

8039 11118888881818118188ς iiber dic 181881813 188 ,118ι
18131. 181181, 781118811838111. 8. 102 118103.

8104 81881818181188; 818 1811811 sich auf 188 8818181111
181188 iu 1818 8102.

8133 0111; 18131. 1818 8161, wc 1181181818 8118181181 Κ8118
81111111 1111.

8143 J 81188181, J 81881811 18 18888; 18131. 1118181, Α181181136.

8177 181818881811111181, 1. h. dc 181 8181 8118 8881
881181; 818888 8180.

8228 bis 8237. 1118 11811138 188811 18181 8118 1181181 118
1811881111188 BOD, 1811 11 181 1881881111111 181111 1811818181
181 1111381 818118 118 8111111113 18118181811118118111, 118 8181 1818
833411181181181381181111 11111; 11811888 181 11181 181 181881183
11811818, 11811 118111 1111888811, 81 doch 1181118813, 1111181181
1818 8366 fg. 18811 dcun 1818111381181 1818811183 1181118118, 181
118818 1811111181 nicht 18181381 11811, 8811811811138818118111181.

8231 188, 8188 118111181Α18818, 88118118881 88118 8113811113.

8293 1888118188, 181 1811818111.

8306 188, 118181118 811 88118 88118181.
’ 8318 8118111818118 88 8818118111 1181111, 1183 818 8118
881318 constructio 81 seucum 8138118111 181181.

8323 1111111811181181111111.

8399 08118811 881 113188, 111 unques 18 18881811, 1. 11.

 

