401

111 188188 88188, 18 8188 88 88 081818,
11818 81118; 8818 818 8181881818,
La 88818 8881111 88 8118 baillia.
,8888 11881 88 11881 888 11 888188 baronio,
Ρ818 8888188881 88 18818888 hle:
„Tout 88188 pris, 1818 gent osbahiel“
0888188188 181881, 8888888 88 188188888188
,08188188 88888, 88 811188 881 1881811
uuo Franchois lor 88111881, 881 118888 188818;
f. 6911 Ρ88 18 81118 81 8881 grant 181818.
Ρ81188 8’88 1818818888 88888018 188118,
11818 88 188 888118 88818 11888 811118;
As 888188 18 888188 881818818,

nm Par 18 8’88 8888 888 888, 1’88 88 1’88118;
Li 8888881 88111881 des 8888 8 888811118,
Mais 88 888181881881888 8188818.
11881188 (1888188811 18818 8881888118,
Des 8888 8811888 88118 1888188818.

888 11818 8811188188 1181 parmi 18 888818,
Β188 18 888888 88818 181 de Ρ88818;
’1181888 188818, 8 188881888 188118;
11111881 (18188, 11 188811 11818118;

Α888, 111 811, 88 li 1881888 811118;

nm Ρ88811188888 18 1881888888111 8818.
17811 11188818, 8881 18818881 8’88 888818
Il tint 188888, 11 18181 81 8811888118;

Le 0881818888181, 1188 88888888 1818818
t

11103 8 qui 1188 881811 garnie BD; 181110. 11105 8. 18818881
11 Β; 888 chevalerie D. 11106 88888188881888881118 8 Β. 11107
8. mort B. 11111 [8818 88 881881 88 888 senefia] D. 11112 8. 188
881881 1181818881 88818 Β. 11111181811888818888. 1111418811.
11115 88 888 188 Βς 88.. ,881 que 8818188881 8881881 D.
11110 m. 8 888 118 D. 11117 m. 811 1 8888881118 (188181818881818 D.
11120 8. 1888 888881 118188818888188818181 118 888818 Β. 11121
8. 8 18181 8818818 B; 18111 OD. 11122 18111 1101). 11123 1. 888·
18188 BD. 11124181111). 11115888... 8881881 88818 11 gnie D.
11126 88. 1188881881θς 88. 88 11881811818818 D. 11127 18111 OD.

1112111188 18 bon 818881 818818 118 88181 18 (18818188 8888 18818
8881181).
188818 de 08818188. 26

 

