603

06166661, 66666666, 666 061 66666666
0611111616, 6666616666 666 16666
0611111666661. 061666 9647; 66661.

64666661 66 1166166666, 6. 272.
066666, 66666. 16616967.

Falerno, sinagons 66 P. 2156.
1166661666 9592.

Ρ6616, Ρ616616 16116 570.

Parin 2043.

Pauka 116616, 6616666166 3979;
66661. 1666666, 6161 66 2323.
266666 1660; 61666 6666616 616

1166666, 66661. oben.
Patroclus 1652.
Ρ6616 6320 ; adj. 6661616 7423, 9609.
Paleou, Peleus 1393, 16611666 Β,
1666666611.

Ρ6616, 66666 116616 3571.
Ρ666666666, 666661666168746, 666

16666666 66656666 8766; 616 66-
66666 616666 nameus wird 10176
66661166.

Petunt 8983 Persis 3743.

Phanou, 16 gent Ph. 3603, 4569 ;
Ρ666666, 666 1166166 66636666

Piero 666 6796 ; 66661. 1. (1666166,
66616666666666,111,6666,
1611611166, 16166111, 290-291.

11166, 6666616616616666666610236.

Ρ166661, 66666666, 4764.

316666, roi 6061666616 10447, 666
1166166656666

Ρ166166616 2510 ; 6666111666661611
333; 3166366616 Β, 3666661611.

11661, 1161661 4742.

Ρ166 10001.

Ρ161666666, 16 166 66 P. 4666.

Platon, 66666. 66666616 939.

Polus 1643.

16166 3970, 2611166 9436, 361666
9497 3; 66 fer 3616661666 7263 Β.

2666666, 666 11666666 66666666
4547.

Ρ66666116 2505.

Ρ6661 6332; 66661. 116661 66 0666-
6661, 6. 373 6661666661 661166-
1666666273.

Ρ6616166 41, 1111161666 10103; 66661.
116661 66 cambrai, 6. 373.

361666, Priamus 570.

Ρ6666661661 9534.

Ρ616, 1661166, Miles 66 Ρ. 10077;
Ρ611616 10677.

0616166666, 66666666, 666 166616
66666166 6545.

16666666, 1666666 666 Yvon 66
366616130, 151, 3590, 5014.

116166666666 1026,1391,9590; sing.
Rainoheval 5579.

Ruina, 1661666 912, 9117.

16666166, 1166666666 66 R. 2624.

11666661, 16 mont 66 R.. 16 3666166
4775.

1666166, 666661616165; 166666111- ’

1666 666 64661166 10078; 16. 66
0666610444.

11161666, 0666 66 bion 9346; 66661.
1666661 66 1166166666, 6. 273.

161661, mut im 11666616 10431.

1616666,6666666616661634,11166663,
1616666 D, 66666116 (1.

1116166, 1166666 66 1116166 2759;
66661. 36661 66 (16666661, 6. 375.

3666666, 66666666 2716.

11666666, 6666666661166611166 66
66166 666616 3964.

1666663149.

Bomio 2549.

36661666, promnion 66 1616666666
vor 11166666116161, 616 661666-
6616666666 9357 B.

1166166, 66666666, 3612, 666 Yvon
gewdtet 2969; R. 66 Μ66616, 666
oui gewdtet 6495.

 

