462

6516511 10220, 8384, 8416, 565118780, 1155561619359, Nur-munii
9362, 656511 102205, presenti 6534, leopardi 10483, 16 1115651
11312 3 6111 2431, luughi 6535, franchi 578, grandi 618, 5165651
773, 516551 65551111 6205, 55165611 1868, 1515513755, 16161 5829
5656511161 7453, 611112573, 5656 3252 56565 5551115160, furii
5188, 7611, 561613915, 516515613945, virtuosi 44275, 1616511478),
6116161 7424, 61115656 7544, 6511 10090, 56661 114901 6561 (6156)
2676,161614263,6165116223; 556111 2479, 2491, 3265; vergi.
65616161, 6556516555 Studien IV, 50.

8. ’1551566 Vuuule im 151651.

6--1165666 6, 556 61161 1. 151 1 15 1515155 556 15 65161-
tnngen 651 -riez 161661616 662, 1161611 (ferai) 1357, 56161556 1574,
65656161 1854, 16165 1940, 6161616 3003, 1166661556 4358, 6156116
4821, 65555116155 4898, 65116166 4961, 5551161615 (3 6151151.) 5713,

65615166000, 166616 74091 vergi, 66616151, 6556516656 Studien
IV, 55.

ΙΙ. segrament 1011, 61661656512137, 56665551 3238, unte·
56514951, engegnaur 7566, 111165655516 1890, 1551656512147,
65165551 3651, 6611165651 6357, 55565551 6638.

ΙΠ. 15 516161 silbe: haurient 635, 6561 1526, 2392, 1165556
2376, 61611612610, 3213, 666613776, 666651 106201 5655 gutin-
rulen: 665 4159, 5227, 16569592. Anderereeite: tremis 947, Leon
29643 vergi. 11566666, 8116551656115516 66161666516 661 1716655-
65561165 75, 228. 851 folgenden i: 6111661434, 611165515116,
15614453151656566511000, 65656 1934, 6561 6555 6561 8291

1515511925556151516519921 15 'Pirvigunt 995 56565 wir zn- ’

gleiuh einfluss 661 6511516661 656111515 4922, 6119808, 6561116155
2328, 655666155 2966, 61611651 4147, [16561615 15661616 6115515
616616 4466, 5666566 4771, 4792, 1161616 5651, perdere 6276, 555-
116151551 6897, prendere 7028, 656616 1004, 66661616 8390, 166616
9466 vergi. Merenda, Sitznngeberiehie 661 4116665116 661 Wissen-
65561155 75, 230.

Aphueresiu: 16 665615 179, 196, 65151 542, 16516 607, 6511116
706, 5555 1279, piru 1456, 55161· 2179, 1616512266, 665516 4099,
16561 9204. 25665565651655165 61611 666 615165565 werten:
61565515 186, 305, 6651166 215, 61151161 418, 6611614111, 66661651
550, 1449, 6551666 753, 661556116 887, 66551161945, 1044, 6656-
151952, 61155656 1260, 61666 1366, 65666551 1438, elegunt 2170,

 

