520

11111. D: Bion li 11111111111111111111111111111; 111 1111111 111
11111111 haben wir 11111111 11111 vers 11570.

2306 111111; 11 111111111111111 2309 1111111111 11111, 11
1111111 1111111 11 vers 2806 111111 1111111; 11111 11111111 1111111111
1111111111111 1111111111111111111, ki 111 1 mort 1111111; 1111111111
11 111 111111 111111 ganz 11111111.

2939 111111ς1111111111111111111111, 1111 11111111 1111111111
11111111111111 1111 11 point 1113111; 11111. 2920, 3583, 43331817.

3219 111111111111111111; 11111. 111111, 711111. Β1111.,11111
171, 171.

3241 111 11111; man 11111111 color: 111111 (11131. 11111111,
1111111111, 121) 11111111; 1111111 111 reim varlangt 111111,
11111· 111 11 geneth, 1111111 11111 1111 1111111 1111111111 (111111. 1Π ¹, 419
und Tobler, 21111111111111111111111Ρ11111. 11, 397, 8 1111 11·
1111111111 111111111111 11111 11111. 011111 190701111111111111111
mis A vous tout 1111111111111Ρ111111111111111111111111; 11512
Sor l'espaule li 111 111 11 111 1111 1111111 11111 111111111; 11111.
1111111111 111111 1. 91011111 1. 911 1113079. ,

3323 Κ111111111111111111 111 11111111111111; 111 1111111 ²
la 111 1111111111 1111111111 11111111 ,111111 111 man 11111111 11111 11111111 ἐ
111 111111 mange 11111 1111“; 111 1111 111 111111111111111111 silbe
1111111 1111111 11 11 (illac ubi) wird 11111 1111111111 gualensem
1111111111, 1111111 3291111 211111111111111 111111. (1111111111 ²
1874, 1. 1431111 1111 1111622.

3347 11111111111111111; 1111 11111111 ,11111111ΙΙ 1111111111
111 1111111111, 11111111 11111 111 1111111111 1111111111 wind, 11111-
11111111 11111. 11111 2283 011 Β111111111111 11111111 11111111.

3316 11111111111 , . . 111111111111111ε11111111111111111
11111111111111111η 111 11111 ,1111111 11111111 1111 11111 11111
spriingliche bedeutung 11 11111; vergl. 11111111, 11111 111 979.

3373 1111111111; singular 1111 111 plural.

3453 Le 11111111 11111; 111 singular 11111, 11111 1111111111
11111111 111 1111111111 person, 11 1111111111, 1111111; 1111101111
1411 111111 Laris 11 claris vient; 11111111 1416 Laris 111111
111111 111111.

3602 11111, 1111111 1111 111, 1111111111 1111111111111, 11111
1111111111 1111111111 bestimmungen.

3664 1111111111 Α; 11111 1111111111 11111111 11111 111111. ¹

 

