95

11666 66616 6666 66661666 16 1616166.

01611 16666166161661666 6666 61666 66166,
Del 6666166 6666 661 11 6666 6666666.
1616616 666616 666 11 66 666666;

6666 Ferant 166 6616666 6166 1666 66161666666;
161616 666616 11661 1661666166,

16 6616 66166 6666 666 1166661616 16666,
06661 6 6666 6 66616 666 661666,
Ρ61166 6166166666 6 mont grant 616666,

6666 166 16161116 666 161 6666 6666666166.
11661116 661616666, k’ele 16 666,

Chele, 6666 661 666 66666 6666 16661
Β1666 16 11 jors, 61 66116 666166,
11666666 16 grans 666666661 16 666166.

6666 Rois 166616 66 6666 66 66 fine,

1. 166 Il tint l'espee 6666616661 66 66166166,
111 11 616166, 166116 666166166,
’1666 16 66616611661 66 16 66166166,
N'i 6 6666166 666666 66 661661166.

666 (1616 16 Borgoigne 66166666166 16666166,
N'en 616166 661, 1666 66 166166 666166.
116166661166666, 66 1616661 166661166,
Κ’66 1611 16 666, k’on 16166666 66 quisine.

, 1166666 Yvon lor est 6616 6616166.

666 1666616616 1 166661666 mont grant aatine3
0161 j0r 6661666666 661166 66666166 6616166.
Rois 6166616, 661 66666616 66166166,

Β6666 661666, ki 11 666616666166;
11666666 66 666 166616 166166166.

6666 Rois Aquilam 6166 el* noir 16 0666166;

2387 p. 6666 B: fehlt D. 2389 66666666 Β. 21190 bis 2391
1616166 D. 2391 161611 Β. 2332 66666 6616 6661161616666 116 j. 666
666 61 666166166666 D. 2394 16. si 6666 6 16 666166 D. 2397 661

16616 616 661 Β, 2395 bis 2397 1616166 D. 2399 611661666 666661..
2400 66. 161616111166 66166 D. 2401 fehlt D. 2402 66 661 (16) Β.
2406 66666 6661666166 16666 grant 16. D ; [16 chief 11 16666166 616
bras u 16616166 11661616161161 661666 1666661166] Β. 2407 66 666
166166 166166 D. 2408 6666611611) Βο; fehlt D. 2411 fehlt AD.
2415 61 6616 1166666166 Β; 6611 16 ys. 666666161661 66 166 D.

 

