199

6666 01111 6 1666 16616 161661666,
Κ6 6166 .VIII. 1616 16 6166 66166166 61666.
111 1616 11616166 611161 1661611666,
8616166 616616 616 61616 1661166,
116116 16 1661111616 6 66111666
6666 1111161, 16116 616616661116166
' 1166116661 li, dont 11 6 grant frichen.
Li 1616 1161611616 6 sa 616111161 6166166,
Et 616 1 6161 6666 6616 16166166,
1166661116 6 11 1161616 61 0616166.
, 6166 Rois 8166666661616616 61661166,
Sa 61616 1161 661 16 regne 16166.
16166111666 666666661 661 16 6166,
17161661 66 1161, 6616161616 16166;
La gont 661616 6’66 661 66666116 6166.
-6111 Rois 11661666 16 66 666 bra· 6661166,
1661 666661 16 6 1616 6661166.
Ele s’asiat sor 666 111616 61166;
Sos .Π. 66616166 li 661 66 66161616 66166,
06111 grans caure 161611 16661 6616666.
161 1161116 116161166, 6116 6161666661
,06616“, 1161 il, ,16661661 166166 6666,
0666166116166616166166166 6 6116166
Α 611616 gont, 1161661161 pas 66166.
Α666 6616 161161 161166 guero aflnee?
6116 166 6616, 16 11166 6666 6616661661
11666 6111161616, ki 61 661 6611661666,
Et 0616166, 666616 6616 1616611*
Et 16 16166 1666661 66616 666661
,811611 1161616, ,6666 616666 1616666666,

mo Vous 11166 616 66 ban 6166 666666;

5301 garis 6616 a 66111 16 661666 Β. 5394161111 D. 5305 (61)
66666111 6 316111Βῦ. 5396 quant 616 161 666 661 66 grant B;
fehlt D. 54011666111301). 5408 661 16666 Β. 5406 6. 66166
6 16616 6111166 Β. 5413 quine 16661666 61166 Bc: 5414 qui
1661 661 BCD. 5417 16 666616666 6611661 66616166 [61611 661 6611616
61 61616 666666 Hom 6616161116166 661 16616661 66116166 01 61616 61
1161611166 66 661666 De 61616 616116611 6666616666166]11. 5418

161111 BG. 1460616 1661 66 666 666 agree BGD.

 

