131

10341 111111 1111 1111111111, 1111 Δ; vergl. Li 01111111
711111, 1372, 111111, (11111. 1Ὀ1. 11111111111111111111111-
1111111, 111 01111111 2, 111.

10381 111 11 111111, 111111 kann hier 11111 111 junge 111
1111, 11 11111 111 1111111111 1111111111111111111111; 11111111
11111111 11111 111 11111 ,11111111“, 1111111111111111111111111
1111111 111111, 1111 11111 11111111111111111111, 1111111 111111
11111 ,11111111 11111111.

10397 11111, 11111111 11111111.

10408 Β 111 qui 1111111 il 11; 1111 111 3111111 qui vergl.
1111111318.

10449 ko 11111111 11111111, 1111111 111 111111111 1111 11-
1111111111, 1111 111 ,1111111 111111111111111111111111111111111
11111 111· ,11111111

10412 0111111111111 111 111111111’111111; 11 111 111
711111 1111 11 11111111111111111111 1111111111, 111111111111111-
11111 11111111 111111111111 1111111111111111, 11111111 111111111
11111 1111 1111111 pferde 11111.

10464 Audon 11 801111111111111 10463, 11 1111 11111
111111111 1111111 111; 1111 1111 10411 111111 3111111 11111111-
mon zur 111111 111 111111111111111 alligor 11 1111111 111 111-Ι
111111111 111 3111111 11111 1111111111, 11111111 111111 weg und
11111 1111 111111ς 11111111 vers 10463 111111111111111111111111.

10126 011 semblent angle; vergl. iiber 111 construction
1111111, 111111 684, 1111111 zu 621 2111 1111 zu 1143.

10111 Ρ11111111; 11 (1111) 1111 111 1111111111 1111 1111-
11111 1111 111111111.

10716 1111111 1111111 1111111111 111 1111111111111111111,
111 111111 11111111111 1111; 1111111111 1111111, 111111111111111-
schrift B 111 vers 111.

10731 111111111111, 111111111111111.

10800 V. L. B 3111111 111111 111 11111111 11111111 0111
par 111 11111 1111111111 11111 11 11111; 111111111111 1111111111,
(1111 ,111111 1111111111 11111111111111111111111111111111111ς
111111111,1111111“ 1111 111 11111111, 111 111111 1111111 1111
daun ,11111 1111111113

10804 111 11111111 111111 Κ1 vous 1111111 1111111111 1 11-

gum Δ, 111 11131 ,111 11111111 111111, 1116111111111111111
34*

 

