460

115 799, 55111551412, 620, 5151115515 9585, 15515515 2336, 051555
(11555151 10034.

7. 555155155155 5; dignita 116, 11115121, 1555555 11115 10574
(1555151555 5515511155 wir in einigen 15115155555 5155151155, 1115
15 65155511, Vigo, Onon-Fossa 551 35151 14151111); 15111. 11555515,
81115515551155151514115151515 151 wissenschaften 46, 120, wo 5.-.5
naobgswisssn wir63 1515555 1980, 4909, sommis 6623, oompsgnin
48325, 15155 5108, 55515 6325, 8713,11150551)55555151757, oor-
11556950, 15155515 7608, 5555 7764, 5515 100455, glorio l0284,
fuga 10747, 11112ς 1515 618, 1515 48325, 7144;551155 119; 1515
10228, 51515 5184, 55115 7837.

Α51155155155 o: palosio 193, 6924, 55551115 3986, regno 612,

3805, 3813, 4028, 6332, 8935, 10839, obergo 3117, 15555 801, 3872,
5115115 802, 1687, 4857, jorno 837, 2790, oonpsngno 1051, 55151155
1348, 2399, 2440, 5151155 2499. osopo 1422, 3515, 11555 1506, 15-
15155 1618, nostro mandamento 1618, 1764, 2146, 1515 1882, mn-
lsto 2143, 6015, 10862, 651515 3153, 15551115 2237, passo 2313,
5511115 2314,10935, 61511555115 2439, 6515115 2583, 61151115 5256,
55551155 2583, pomo 2707, 3471, 151555 3108, Ρ51151515 3178, Bo·
rnldo 3254, gualdo 3352, 5515 3478, 3674, 4240, Dsnsbnrgo 3612,
brooo 3781, 6871, 1555155115 4328, oorogo 4456 55555 corson 5832,
6758, 1155115 4458, Borgo 4514, lognsoo 4853, 3531155115 4880,
pugno 5074 55555 pungo 5916, 55511515 5146, 6939, 65115555115

5260, 55515155 5370, 15515 5663, 5666, 5151115 5697, 515111515 7702, ι

5555 5705, 515 5760, 5555 5901, 6766, argento 6086, Amorigo 6472,
5555155 6494, 8340, 8945, 5515555 6580, 15555115 6703, 65115115
6746,15515 6747, 55115 6779, 4155115 6797, sagramento 6993,
1155555 7247, boscho 78675, 8908, 655515 Jaoomo 8016, 11315,
nesso 8237, 11201, mosano 8427, 15115 8315, 55155515 8343, ponto
8426, 5555 apostolo 8486, fondo 8582, olorego 8800, 9253, 9330,
periculo 8605, osso 9371, 65115 10540, 15115 51 plonbo 11011, 55-
515115 11057, 1515515 11156; 5515155 1093, 51555 1579, 15 mogo di
5068, 9642, 55555 1734, doloroso 2441, 51 51115 15555 56175, 51515-
151555 3669, granno 3687, perilosso 6898b, 1555555 porigolos 4699,
1155 5000, 115115 5157, 55115 5166, 5555 51 55115 10827, 55115 5647,
555515 5767, 55115555 5907, digno 64155, 7479, 55555115 7247, glo-
1155510017,11294, 55115 11183, 511515 11262; tegno 728, 3608,
presio 1504, 3684, plovisoo 2117, 51115 2231. 1515551155 4090,

 

