563

1000, 0010100111,10111010551; 10101 1; 010. 10 die 0100 1100106110μο
(10601100 3, 732. , 10722; f. 000 josto 4292 A, 1.
1000 = 1000 4718, 6577, 10797. 10101110 6360; 010. sich 01111100
1000011, 01010661οι10 0011600110 8529; 0111 (1000011010 0000001111,
0011110110 5291, 6550. 10111 qu. un 0000 *1521 9793;
100001, 601011100100 (vom 000001) »010001 de 10001001 10590.

3137, 6835; aba. 1011100100 6390, 10110010, 10010 870, 2828; 11001010

1100100 1006010163006126, 6973, 5900, 6970, 7758, 8000, 10994;

6989. 11010 2794, 9728, 10999; 10110
10000610, das (101011100101111010 7759, 9834.

000101) 2922. 101101,10101; 10 chemin 1010, ge-
10101, 10111011 (von 0101600) 7290. 060010110 0110000 4469, 7697.
101010, 00001001, 0000111010 10456. 101100111, 0. 01. 10110011 2900, 5018,
100010, 016 60111000 157. 101100103069,4630;101011010101,
1013109, 8480. 01. nom. selon 3256, 11101 zu 857.

0111010οε 51; adj. 0011001601 10010, 0110110110 5325.

4286, 4769. 10010, 00101106 2445. ·

10100, »01011110 6001060 10490. 6, de f. 0101011101 739, 2319, 8524;
1010011, 0, 01. fem. 1010οἱ0, 001111. 01010110249.

9010 A. 60001101, 1010101010, 10110οε10
100010 (findere), 0011. 3 ng. feudi 4426, 8528.

4655; p. 0110. 10000013467, 01. 60101,1100100100100 4854 DC; 5216;

101100 4154, 4157; 1. 61106653, 106. 5693, 6687, 7119.

1000011, »10011100 010100 01100- 110 (11001010) 2484,10566; 1010655
geum 6549. Β,6405;1010111010.Βί117,0204.
10011, 010. zu 00110 gehen 7627, 110 (110010) 5618, 6680; 1010 *6424
10067. 6013503, 3382, 4736, 10571, 01.
10101111111600111017858. 000. 6001849; 601500, 7479;
101001, grau (0000101600) 793 01), 10011 00 601 3502.

4275, 4489, 5116, 6196, 6455, 1101, 01. obl. 6000 10793 Α.

8275; (1010 10110) 9622. 60101, 01010, 0101111011 5815 3 010000
101010, das verwunden‚ schlagen 60110 4803, 6328.

2908, 7617. 60101, »01011601 d'un 601, grati·
101001, 11110001 3260. 6011 ; de 10 10110 6983, f. d'une
10111, 0110. 3 ng. ind. 6011 327, 101010987.

8026, 6746, 01. 6010018011, 3023, 61 (61001), 1. 0 f. 9272; daher

4854; 8 sg. conj. 6010 3274; 101. (1001011010 6101 (von 11100011)

1 sg. 101101 485, 8359, 3385, 8820, 8441.

0 0ηο 1000 00, 0001, 1000, 1110, finer, 00000 100, 110, sterben ⁴

5069, 9997, 01. 1011001 6580; 2397, 6146, 6446, 9506; 1. de 10-
10100101.01101004755,4814, 5122, mine 8415ς1000600 7628.
11309;0.011.0.10101114305,6492; 6001, 60101, 0001101100 am 11010
p. 01. 10104147. 4631, 5310, 6223, 4731.

1001. ferne 4292, 6860; 11. 10 die 6011101, 01101100 4921.
01601100100011000048546,*9364 6011110101, 10011010 3853, 5119.

36·

 

