537

1116516161, p. pf. 16111. 1165116, 36·

1651166111 211 6161516161651. 8219,
8441161615111,11,6651116116183351
151. 9121.

616111, 3111611, 1165 3111611611 pras.
conj. 313. 16111 523.

61661161, p. 1116161116, mit 611
1156116361 6822, 18041 361111611
8511, 0182.

66, »66651111661111111561 1893.

666161, 651. 1165 1161111611 2529,
2605, 44241 166. 3014,13851 56-
51131611 3200, 38881 1111. 1113,
1545 D.

61161, 1611165611818, 1510 D, 5141,
6324, 9996110511 11611 11111611.
16116566 889 Β.

6616, 1131161 16161, 1611111161,
1651111111 2882, 5551, 10100 Rom
16111611 (111 56116116116131611114)
42864418, 4518, 5331,6310,18231
11131. (16661161 1, 111.

6111161, 1661611 800, 2854, 5861140111
1611116611 5414.

61116161, 5611651111 1421.

61111131.1616111165611115619328.

616161, 166111 4484, 6116, 10611.

61161111, 5615116111 6180.

111111, 1511161110261 16131. (1666-
11611, 152.

1311151161 1886116656 11041.
1361111, 1611165161, 1611111161 1221
16131. 1611161, 11161 111 5192.
63161111, »161111 6166 6116156, ravit,
6311116118882116131. [1166 Wb.⁸

1221.

6316161, 5616111361, 5615 1111165·
men 5409.

6311 (acutum) 5911, 6310, 6126.

6311161, 1161661, 1651111611 6105,
10545.

15611,165111616 1531, 2118, 2913,
10158.

61161111, 1611111661, 61165161431 D,
849, 5164 D.

6161, 51116 44, 2893, 46111 616 2128,
2491, 2551, 3116, 5633.

6111611611, 111111 1028 Β.

6111161, 5611111 1116116111. 313. 611
1511, 102221 ind. 61116 9818, 611
100011 p. 11151. 6166111 65631
16131. Roman. Studien 111441,
2611111420,1611161116116650.

6161611, 1111161 9542.

6136161111.) 8311 Α, 1616 Β, 616
DE, aigne 01 16131 6616611865.

61316 (aquila), 11611. 4350, 98381
1611. 5408, 62441 16131. 1611161,
Aio! zu 315.

613161, 16111111 2410 ; 63161 4112,
4141.

613161615661.6151116111601,4151,
5150.

11316161, 5661661161, 61161161, 61-
51115111, 6116361161 654, 2513,
6836, 1112816113111615655 D.

613161, 61511561613 5151 11131. Go-
661161 1, 185.

611116, 1116516165 5622,11611 1111166
4810 111 1115901 Β.

ains, 3163. 1880, 3048, 5114, 5301,
5801, 88201 111 6111 ains 11151
11131. 011111, 151561111611651111
1111116161.

6116116, 1111365616111 11434.

611, 1611 8133, 4181, 8516, 8654.

111631, 16116 611 6., 611 11161611
5886 BD.

6116, 1131. von 61111, 6111111161
82941 111161 112181 6116111501.

6116 (6166) 8585.

6116, 3616516651, 65116111131 do
bon 1116. 1186, (1631116116 11981
16131. 1666111 1611511, 1611611-
111161 11111111 ιι. 0116161. zu 26.

61166, 66111 1830.

6111111611, adv. 1611113 6606, 10305.

6116116111, 111116 5544.

11111611, 16111 4555 Β, 64851 11161666
4296 D.

 

