569

jugement, 1555151511 6940, (151151 115, 15 55 (5), (1511 wo* 1622, 3301,
3531515, 11511151 9527. 13323, 9012, 9237, 5551151111 5984.
juin (judicium), jor del j. 9163, 15551,55151551115556296.
jube 8002, 8117, 10070. 15511151, 5155151155 1366, 3868 8113,
jun (6555515) 2105. 6318.
jus, 5511, 11111115 4632. 1516553155555511151315115917,5555·
3551151151355115151,1511511155115155 55 1511112541, 3153, 3734, 5437,
2080 118006, 15315155 3016, 3177, 6518, 7142, 7912.
9489. , 15161115, 5511551151151151161553 2910,
3555511515, 35551115551 5763, jn· 2914, 2917.
51155, 3555511, 1511551511 11036. 15151, rut. 1 53. 151151185, 3962,
5372, 8858, 3151153261, 1 pl.
1511555 539, 1246, 2 1511551721,
115, 5555555115 69, 172, 8979, 51· 6312, 31511551 1260, 4050, im·
plicativ 1129, 8978, 115115 5535- porat. 53. lai 8387, 9125, 55131.
11555 imperat. 15951115 1755, 11615151, 1151 zu 1187.
1511135151 2396, 5555515648, ex· 15155151, pras. 3 5355113. 15151166,
5151115115 6002,55153515115 5218, 417, ind. 15113133, 5677, 151-
7158, 9415 Α, 1515, 51511556 35151. 531515 6111, 6114, 6116,
5116, 73319131 ,1515111515 *2270, 7883115155 10954, pl. 1515155 6074,
151511555 adverbium *80393 51151 151515515 * 6070 Α.
* 9306. 1511, 1115511511, 55155 5 1511 1834 B.
151 --15 le: 15 1115, 151 --15 151155, 51555113 4324, 4589, 6475,
15 1834, 6224, 151 15 1940, 4320, 9569, 10814.
4859, 55131.1151115515515815115- 151155, 15111511 2092, 15155 9809 0.
1115117,55100.15515511511151535 6891).
151515551515), 1555551515. *1309, 15151115, 5 1., 5111 3515151 3058,
55131. Τ1.Ι1151,1155518,)155115 9569,10874, 55131. 11155 771).8
(151 (111155. 1ιι11.5ο5 Ρ11.11555151, 11 357 und 8555555511, 55551151.
5. 32. 55151155515.
115551 (55131. 5555), 55513 55151151 155151, adj. 15135 3227, 4939, 5231,
3792, 4104, 6224, 6377, 3764. 5239 Δ, 8590.
155 = ki 155 3375. 151515151, 3 53. pras. 1511515 5628.
11555 (55115) 5601, 6063. 151115, 15115, 5155111516, 115165 230,
11, 3555115 92377, *10408 Β, 111 20532888, 3693, 37034414, 5611,
= 5512402, 6732, 11, 55555 1555 1511 11065.
4438, 6127, 8323, 8332, 9404, 1511, (155 15115, 1511151315 51151.
1513111155, (11515155111 111, 384, 6548.
1111115551555111151551694, 2861, 155, band 4708, 8546, 15115 728,
2937, 5808. 10240.
111 = 11 15 = 15 1115, 111 = 11 155, 553155111511 7197, 10241.
15 6316, 7020. 15551151, 5511150511 155555 2995, 155-
11151ε·- 11 ’51 260, 8551 8. ,51513885
11515, (15515 5407, 8536, 8541, 8999, 1551, p. pf. 555 15551, 151165 195,
9368. 3380, 5510, 8938. 9081.

 

