546

01111111, obl. pl. 111011 campen 11111- 4376 11111 11 1111111111 70501 11131.
1111111111 3382. Το1111,7111111111111 8111111111. 29.

1111111111111111111031111101111111111 carga, 1111111243.

1111 111111101111 5888 81 1111. 11111111,111111111813111 6051 111111-
111111711111. 11111111 1883.

mugiet, 11111111, dio 1111111113 1111111111111111118 5834, 8555.
1111111111 5201. carin, 11111111 9558.

1111111, 111111 en 1. 2450, 4749, 111111111111111111111112404.
105251 11131. 70111111111,0111· 111111111111111111), le 1111111111,
11111 zu 2359 und 61111111 zu 81- 111111681111111042911111.10189.
11111 (11 Buillon 4993. 10790.

11011 1111181111 3746,11117, 1111 11101»16111110111111 11111011 111111
9155, 3225, 4760, 5923, 65071 11111111111411 11111111 3931
111111. 311. ind. ciet 3378, 5327, 1111111,10111111111 (1011 1161111111-
6739, 7287, 78651 perf. Bag. 111 11111) 5691 Β, 60981 aba 1111
1531, 2398, 3251, 4550, 8517, pl. 11111111 1113111 fabren 9325 D, 9473
11111111 6612, 113031 1111. 313. 11111111111111111111124991).
111111 4371 Α. 1111181 p. 111111. 111, »111111111111111111111102361
11111111 6628 Ι)1 p. pf. 11112966, vergl. Diez Wb.³ Ι 116.

3816, 42304617, 57919277, 9502, 1111, »qui 111 11011111 d'une 1011-
110114523, 1111111111835, 1291, 11111011 11131111 sut 11 terre de
676811016768 Β. 10111111111114043,8021,11481;

11111,11111111111111111111 8077. 11131. G. Ρ1111, Romania xvn

111111,11ο1111)1111111111111 8077, 9143. 15818011111,16111111111111116033

11111111, 1111111 6910. 1111111111, 111111111111112233, 40061

caperon, 11111111 5370. 9651 D.

111111, 11111111 2553, 4182, 4726, 1111113111, »emmim 1111110111
102811 vergi. 8611111, 8101111 10111111 1111111 do comparaison
6699. 10111111 111011 de peu 11111-

1111111,1111111)1 4412. leur« 10346.

1111111111111111111 6640, 10327. 1111113111111. 1111111111, 111111-

1111111, 1111011111 3012, 3022, 3186, rain«, 1111161 1111113111 * 19341.
3728. 11111111111111111111113, 1111111111-

caplim, kampf 2976, 10484. ung 70141 11131. 8811111, Aiol

caploier‚ 1111111111 3229, 3904, 4421, zu 165.
5236111111111110111111111103228. 11110111,11111111111111 147, 1111111111-

espuisier, holzen 2556 Β1 vergl. 11114787,11111111111111159283.
11111 Wb.⁸ 11 250. 9985, 1111113111 6423.

car (quare) zur einleitung eines 11111111, 1111111111 26431111111111111
11111111111111111 1011111111111111 Ι), 11111301 10343.

*1491128471 61111111111111112130, 11111, 11114145, 47771 1111111 3941
3199, 3629, 4435, 6791, 9893, DE.
11050, 11166. 11111111, 1111110111 1366, 6136.

111 (carnem) 1302, 2537, 67661 111 11111111, 11111111 *6700 11120.
1100111311 char 11111111 1111111 1111111111 (11111111) 6317, 10038.

 

