597

1166161366 102.

Β66166 89, 6145.

8666661661, 66666666 8676.

8666666661 (1866166616, 666 1161-

, 66666 361661612487; 616 66661166

66666666 31616666 6666666 666

¹ 6166616 361561615227; 66631110-
6661611158.

Β6166, 66666. 6666666611 2159, 2668,
10411 666 Κ661 36166161.

86166661, 66666666 10455.

06666, 66666. konig 10380‚ 06-
6666 7847; 66631. 116661 66 (1666-
5661 7817 066666ς 11666661 66

1166166666,6. 262.

0616666666 916, 1927, 0661666668.

0616661666666666, 8666166616 Β, (166·-
661161), 666816631666 36166161

06166, 66666. gottheit 1882, 8058,
8802, 8808, 4641, uber 616 61)-
1611663 616666 6666166 66631. H.
8611616666 »Der 161616616616-666-
16616316616111616636666 666 666

· 8661666 666 8636 im 0616166666

(1611166666 60666366, 6611616,
8661365663 1. Pr. 1890.

06166661, 66666666, 6666166636·
1661612755.

0616 8555,111166366 G. 5262, 5281,
7286; 1136636 (16166 5288 D.
0665616166, 1666666666 666 Gam-

1666110102.
0666666616 41, 9608, 0666663666
0666666, 66666. 165613 10879.
0666561, 66666666, 6661166166 36-
1661614657.
(16666666, 66666. 1666613 5541, 5948;
von 166616361661616626.
06666166 8128, (16666616 1008664,
0666666686 66631. 116661 66
cambrai, 6. 860.

0661636, (1661636666 105; 66631. Ay·
6666166116656666, 6. 262.

camin, adj„ von (11661666, 7851.

0661666616, 1661666316 8666166 7610,

0661616, 1666166 G. 10439, »06
6111166166 666 6666666666 66663-
nolu.

Castor 1648.

(16666116, 66666. 166613, 6660666166
166163110264.

cayphas, 66666666, 06136666 Β, 666
Η6366 6146666366 36166161 8522.

0166666666, 66666666, 666 666616 36-
166161 *8469 Ac.

01666666666, 66136666 66 Ρ66166116,
36106161 2505.

(1166316, 6666616613 10279.

(1166166, 66666666, 666 666616 66
boden geworfon 5684.

0166166, 66666666, 666 666616 36-
1561612979.

cleofas, 66666666, 66616666 66
866616 361661617190.

(16166 2158, 2715, coiano& 66631.
Histoire 1111666166 66 16 Franco,
XIX, 6. 671; Κ. 7611661166, 06-
166166 (61116. 8161161661) 6. 157.

0616666, 16616166 86611666, im 36-
16136 666 16561316 86666666666
4906.

(1666616, 66661661, 6661466616 36·
1661617853.

0666166, 06666166, 16 6616 66 G.
24154, 0666616619, 0666616 0.
0661666666, 6166116 8666166 281,
278, 1117, 8974; 66631. Η1616166
1111666166 66 16 1166666, XIX, 6.

(1666166116166616 0. 809.

06666666, 66666666, 666 Gui 36·
1661614575.

0666666 (1), 1666616 (1. 1988.

Corde, von 11661 61636666666*21;
cordes 55, 8016 ; 6166 666666 form

 

