326

71111175 f.

7111 v. [1111111119] 1.

7111118 ιι. 7111111111 2011. 25.
23. 30. 321. 41. 43. 51. 53. 55-
60. 63. 63 II. 76. 791. 91-97.
125 f. 175. 187. 241. 250. 253.
2611.
handel 51.
lage 111 11111 51.

1111111111 511.

kirchen 1. heiligtiimcr 331. 331.
5211.

11111111111111111153 1. 61.

patriarch 33. 52. 59 11.

111161.

kccfhcus 11101111111111 22 f. 31.

1111111111 111111111311 701. 73
-30 92 1. 251 11. 261.

Venus 194 I.

Verona 21 ff. 281. 71.

71111111290.

7111111111 290.

Victor 3111111111 58.
Villinger, Ρ1111117.
7111111111 21. 23. 25.

17111 111111111211.

- 311111 199. 212.

- 1111111199.

- 6111111111 213. 215.

- 11-111111 212.

- 11111111 203. 203.

- 1115111199.

- 1111111ιὶ111 201. 210.

- 111111111111212.

- 311111) 200.
-11111-3151111 199 11. 2101.
- 31111 199 1. 211.

- 8111111111 109.

- 11-17111 135.

·- 71111111 213. 215.
1711111113, 111111111111131. 183.
- 1111111, 1111111111 1. 179.
- (11113, 1111111111 r. 179..

17111111 179.

171111 7.

1711111111 65.

7711111111, 71111 u. 111111 v. 63.
wappcncchildcr 111 11111111 78.
771111 17.

1711111τί1111 63.

Weisscnberg, 1111. v. XIII.

- 01111111.11111.63.

11Ιὶ 111 11111 Ali 104.

17111111, Peter 130. 137. 214, 249.
Welschbcrg. 0111111163.
17111511111111. 264.
17111111111111,.1ο11. 1.(12 1.

17111 57.

77111, 1111. 13. 2011. 26. 121. 123.
1711111111111,11113. v. 67.
7711111111 11. 1. ΙΙΙ. v. 3111111 177.
- v. 'IhIIrirrgen 62. 35. 70. 115.
- v. wilfficpurg 188.

Wirrcbcrg 88.

wladislaus 57.

71111111 2. 4. 67.

7111111111, NIc. 175.

1111111 111 11111111 1111111 195 11. 207.

1111 21. 91. 90-106. 270. 299. 302.
rata 136.

7111111111 116.

Elin-Iacche 33.

YIIingen, 1111111. 120.

71111, Iob. 1. 18.

Υ1101111 192.

2111111111111111111121111111) 118.
1351. 170. 136.

21111111“11111 141. 168.

211111 01111111, 1111111 224.

211111 79.

211124. 73. 78. 260.

21111111 371.

2111111, Gccrg v. 33.

1111 111 111111 1117111113 nach
Ρ11111111 691.

 

