583

55551555, 551. 5151 1555511555 7100. recovrer, 515 5151 55151555 4112,
555515, 551555555555 5551, 10545, 51155553551155 6892, 6445, 6161,

55555109678.

55555115, 5551515555 5604.

555155, 5555551155, de 5. 7887, 7418,
monor grant r. 10828.

55515555, mit ungestflm 5555554481.

55515, an 5151 5516555 8749.

5551555, 5515555555 9885.

5555155, den weg 5551551555 1555555
10047.

555515, 5115515155, 55115. l eg. ind.
551808, 151. 2 51. 5555565 1054.

55 551511551551555 2822, 9704.

5555515155, (155515551555 7125, 55111555
7728.

5551515,55.,1555515155510551 , 15155
55515165, 5555555 10897.

55515551516, menn r. 1515 5515155511
11442.

555151, 55155115551 8088, 9245,
10505, 155155 51515 8928.

55515νοί5, 555151555 9490, 5555. 8
5515551. 5551511 8998, 11591, 51.
5551515551 8185, 5551. 8 pl. 55·
51555551 157, 151. 8 pl. 55515·
5555514675, imperf. conj. 8 ng.
55515151 4946, p. 5551. 555151
4284, 5841, 6866, 9565, 555115
5896.

555151, de r., von 55555555 9892.

555155, 555 5., 15 515555115055555
555555 4688.

55551, on 5.,15555151555818, en 55-
55151455, 55155115551 9618 D.

555511115, in 555155315555 551155·
5551555) 55515555 9146, 5515551-
men p. perf. 55551111 235, 3696,
10254, 1188515555. 555511115 9959.

reconoistra, 5515555555, 5. 5551. 55-
5555 4287, 55555511 1885.

5555555155, 555555555155555 10444,
55551. 11515155] 6, 685.

5115555155555 6624, 1555555 6407,
etwas 55551551555 151 jem. 8962.

555555155 1886 D, 8188, 8202, 9479,
verul. 11655155, 1151 55 185.

55555155, 55155 meinung 55511515-
551555555, 5. 5515. 55555551, 15-
515514877, 5865, 5741, 5. perf.
5555511, 15135 8809, 8217, fem.
55555152106,6714,55555115,55151.,
51151553 6875.

5555155, 5551511515555 8048, 5281,
5284, 6888 OD, 7820, 7673, 6445,

radoin (5551555155) 10689, vorgl. Ro·
55555515 VH 136.

5565551155, 5155. 5786, 5515551155,
15. 16.

5515515 (55155155) 6767, 10126.

5515515155,1555555555,51155555,551.5.
8 eg. ind. 5585551515 4820, 11127.

5515515155,1555151155, 5511, 151.
8 eg. 55155151551091, 5. 5551.
55155151 7859, 7864 Β.

5515555555, wider 55551115οο5 6959.

5515511155, 515. 5111111555 9071, 9084,
9095, 55551. 8655155, Ζ5115515111
fiir 5555551515 111151531511170
und 115155 618.

5515555, 5551511551155556888 Α.

555551151551515555, 5111 5515115155
6558.

regne, 51515 oben 551555 (regnum).

5515555515,5551555551970,2021,2495,
10986, 15555551. ng. 5515555515
10955 Δ.

5515555, aba. 2947.

551151, 51151 von det 15151 8855.

55115155, 1555155, 5556551 5869.

5515155, 55151515, 55115. 8 55158.
55151512847, 4228, pl. 5515155551
10861), p. 5555. 5515155151 1458

5555555, 5515511555, 51551551155 Β,1155551.85555151551161428.

8879.

5555515155 1848, 5555555515 7982,

 

