540

616166, nand 3633, 3073, 8198 BD,
11317.

6161811161, 66161166 6880.

6166116, 3530 Ι), 48041 16131. Ay·
16611661161116666, 16661616116
66161 61166118.

81611111,166. 81611 61611611 1616111611-
166 7545.

6116168666, ‚distance d⁸un 11611
1611161116( 6013, 6838.

sarcago, 1666111616 66 arc«, 66116
116. 5856; 8616106661161 1, 379.

6161116, 161166861688116116 4483 B;

611161, 16111166, 11. 3333.

6166166166) 3377, 3395, 3513,
3515; 66164301

61611661, junge 8611118116 3458 ; 66616
61668 61811168 4738.

6166161, 618. 1166666186 8161186
1901 nich 661 (166 weg macheu
7315; 11. 94631 1611. 9481.

88, »18 nombre 66 861168 dtis«.
6161168 68 734, 3510 Boo& vergl.
861 119301 681 161666 18 166616,
Or 8681 11 61166 6611168 68; Em
311.

1161161 616161,161181166116. 8589. 68616, probo, 1611618 67031 fiber

1116116161, »1111618668 16 poids (16
66161161, 66 66116111 d'une laneo«
3331. 4807 Β, 8407; vergl. 1166111
de 0111111161, 16661616116 66161
616116161; 1111111661 hogen 8611161166
8969.

archon, wagenbogen 9355.

616611(6111616),11. 3080, 6557, 75371
61118. 3 8161611. 611 4806, 6331,
6674; p. 6118. 6111661 3643, 8748 ;
p. pf. 6183833, 7537, 9703; 1816.
61163445, 4466, 11148.

6111616, 161113161111116381681 1517,
3908.

61663161, 11. dem range 1166116111·
1166, 861666 6156; 1611. 6918.
61681161, 1611 dem zilgel 6111116666

9437, 9831.

6168166616, 111116 6 , 81661611, 1636111
4685, 469ος 6116686 61681636 5357,
6168161 4709, 5566, 5575.

6168161, p. pf. 616816 *450, 4618,
4639, 7234, 9583, 16111. 6168166
6749 ; 81681664139, 10396; 616816
1804, 6873.

61681186, 6616611611, 8611616113 8108;
61161186 6168118611 3600.

611166661111611161163701),67339803.

61166161, dreinsohlagen 10466; vgl.
Du Gange 611161 16661168.

6116161166, 1166111666 3956, 4034.

6--616 6616166161, 1168668618
661661666618111666811611681131.
1168616116, Ueberlieferung und
86166116, 8. 34; 1618161, 766111,
8 54 und 0116161. XLV.

6861616661, 16186611 4973.

686161, 1618661166 3311.

6661, 6661111 5580, 1611111 11111 mah
daneben 68661 5653.

6861111, 68611111, 6113161166 173, 11
686111118 39431 p. pf. 66616 8073,
fem. 686166 6854, 68611116 56311
1111. 3 pl. 6861111661 3877.

68686, 6681111131, 161611 4376 DE,
asegier, 16 1161636111 4848, 485ος
81611 861166, 1611. 6917, 6118. 7151;
11. 3039.
6861111166611611811616111666686897.
686661, 6631611811 4433, 10373;11161

1611611166, 611161 qu. 7313; 6.
qu. 66 bien, jem. 86111 8111611161·
1611 4331 6181161168 augo 1688611.
1161166 10703.

686611, 6161143031 pm 38161611
681619000, pl. 6816615047, 5067,
9433, 11408; 16681611618661
11396 Α; 161. 3 ug. 686116 133,
61.8861166188771;6811. leg.
681811365, 368181 146, 4916,
9969, pl. 6818661 6378, 9433 31

 

