538

111, »ain 111111 11111 1111111 11 bou-
11111« 1440, 3186, 3467, 6608,
7953; es 10309 D; 1. 31111 7158.

1111,1)1311111111111111; 11111 en 1.,
1111111111 sein 6048; 11. 1111111
7370.

111111, 111111111111111 *10452

13111111, 1131111111111 5568.

1311111 p. pf. 1111 13111111, 1131111-
(11116963.

111(1)1111111111,11111111131111111131113
2139, 6651.

1111131111, 11111113114065, 9495;
a. 11111111 6814, 1. 111151-
1111117051.

1311, 1111112103.

alaine, 1111111 2848.

11111111, 1111111111 5386, 1044010451
D ; 11131. 8311111, 0111111 XLV.

111111, 11111111 2336, 2394, 7047,

7080; 1 mont 311111 1. 10138,

1111113.

1111111, abs. 1831111 5583 D, 7537,
10244.

1111, 31111. 113. ind. 11113205, 8665,
31111237, 1385, 1832, 3666,
3611111323, 1125, 2019, 11 11
de 311113843; conj. 313. 11111
713, 1362, 8428, 11111 416 D,
7172,pl.voisent2721,9671‚11379;
111311111111. Studien 111 404
13.; fut. 213. 11114938, 6087,
31111168, 1987, 3400, 5499,
l pl. 111111 4377, iron 5958, 2
1111 3426, 3628, 4057, 111118059;
imperf. 11111. 2 pl. 11111111 6628
Ι); imperat. 2 13. 1154911 mit
avoir 11111111111312.

11111111, eine 11111111 2933,

1111111111, 1111111. (1) 14687.

1111, 11111111 11, 2508.

11111, 1111. sich 11111113117277;
sich 111113111111111113111111 *5980

1131, lercha 4413, 5235; 111111
3432, 5629.

1111311111, 1. 11 vie, 11111 lobon 111·
11131111 3196; 1. Papi, 11111 1311
11111111 3900 D.

111111, 1153111111 6847, 7314, 10687,
114601 1111. 8324.

11111111,1111111111111 1088.

1111111111, 11111111 werden 11301.

1111111111, p. pf. 111 1111111111, 31-
11111111 217, 2552, 3703, 91391
111111τοὶ111 11342.

1111111,1111111111111111, 1111111111
169011313111111131111, 111111-
1112047, 7531 Β, 7595, 82311,

ambedoi (1181*11111) 1517; 1111
1111111734.

1115111 (ambulare) 6310.

1111111111, 31113 6889.

11111111, 1131111 2352.

menet, 3111. 8 13. conj. 11111111
5493, 6089.

1111111111, 1811111111 3414.

111111111111111111111111113 11358.

11111111, 81111111181110783, 10792;
amir& 2795, 3315, 4039.

11111111, emir 2153.
11111111 (*11111111111111) 148, 114,

851; amisti& 1506, 2068, 7478; 1

11131. 1311111, 1111 zu 476;
8111111111,1111)111111111113 1 48;
11111111, 311111111111111 11111111
Ρ1111111311 1, 411, summ-hung 2;
1111111111, 1111111111 11 529, 111-
merkung 1.

11111111, 11111111 6898, 6768.

1111111111, 1111111111 10576; aba
1111111111 8885.

11111111, 13111111, 1111111111 10545.

11111111, »11111111 uno douleur
mortelle· 5263, 8229Βῦος 11131.
(11111111 1, 278.

11111111, emir 5276.

1111111111111111115, 11111 11111111-
311111111111 3444.

1111111111 5162; 131. (11111111 1281

 

