433

[Κ911199 11 1191999, 11 1919 19 119191-1199191,
11111 Au 19991111 1999 999 991191999 gris,
099999 91 911999, 1191911919 91 199919,
Les 1199 19 9919 et les 11999 999119.
11999 11999111 9991199 191999 99999911,
[Si 99 919 9999999 99 999 99191
Et 11 9199919199 99 1’9 911999 9111119,
'¹⁶⁰⁰ Aius 991 errant 19 Loon depastis:
mm 111 9919199, 99 91919919 911999 191,
11991 q’A 11991911 11991 9119919119,
11919 19 99 191199 9991119111 ot tramis,
A 919911991119 9919 991919 mis.
[LA 19 9199191991199999191 91 1191191.
Ρ1119 9991191991 dus 1191919 et 1191119,
[111 199 091919 91 1199191919 11 Fris,
(1919 19 Borgoig'no 11 pren 911191119]Ι
11111 La 9999199 Ano: 1911191119 paradis
8911 199119 qui 119 9919 9 999119,
Et vous 9991 qui 199 9919 919,
[Et moi 9ὀ1119 9111199 999 91 199191
Or 9199919119, 1919999 991, 99 1119919191.
1199119999 991999 99199 wir: 9) dass 9919111189 19 Β, 0 fehlt,
dagegen Α,Ι) 991 191 1191191991 199199111199919199991 191; 1) 1991
1111911 1111111119 11199919911191911911,111939, 119919, 11599 a,
11603 9, 1160491191 9911111, 11919199 191 1111199 999 91-
119119999 199199111199 991999191; 9) 1999 119 0111199191 1991-
schrift 119 99199 11000991 11601 19 je 91991 99199 9919911191 191;
1) 19999919 11108 911119 191199199111111191; 191999 319919
191 9911199999 19111199, 1999 1191991991111999911911919 1191191
91911, 919 Β, G, D, 1999 Α 991 119 1191191991 1991991111 19911-
9919191191 9199 991 11999119 9911939 19911191 19199, 1999 Α 199
original 119991 1911919111 919 119 1191199191 1991991111 und 991-
1191, 1999-9911999191199119191991191 - 199191 A, Β, 0, D die
9911999191 11919919911111 999 11911991 1111919, 9991 9991991-
9919111.
Fur 119 1919191199 99919199191 1991991110 999 11911991 geben
999 91999 91911 119991191119919991 camp 1430, 999999 11100 9, 991919

. 11603; 91119199 2762, 19911111 11191, 1999119191 116039; 1111991999
1119919 19 cartago. 25

 

