567

1111111111, 11111 111611 11111111
1111111111 4165, 16960.

graver, 11111 1111111111 6872, 13754,
1111. 11131116115869 801).

grief , adj. 1111111111111 769, be·
1161118201 D.

111114, 11111111611111111, 11611111

grimmo, wild, grausam, 1111111
1111111111 3831, gent griraigne
10349, gent grifaine 2641; 11161
3111111311 10341 8, 1111111111-
1111111 10358 0, 61111111 be·
deutung 1111 1111111 3116.

11111111111111111111) 6260, 7233,
11111. 1611111, cheul. XLV.

gros, avoir 111111 g. 4218.

gne, furth 7711,111,,1.1“611111,14111
117751.

1111111111, 1111111111 111111. drehen
3733, 1111111111 5984, tr. 111·
111111 3746, 1111111311 4380,
das 1111111111 11111111, 11111 g..
1111111111 2492.

3161, 11111111 1111111 10437.

11111111, 111111 11111111 7086 ; 11.
9392 D.

guerpir‚ 1111111111 5974, 5486, 6265,
6525.

311111, 1161111111 4967, 6132.

11111111111111111111 4811, 11111111
6334, 9923, 1111611111164128.

guigo, 111111 zum 1111111111 des
1111111111 11 den 11115345, 11181.
G. Ρ1111,111111111 XV, 143.

811111111111111111, 1111111111 3634,
5408.

11111111, ›affrontat‹ 9328 B.

111111, 11112417, 7837.

11111311, 1111111111 86.

11111, 1111111, prus. 3 1111115417
Β, pl. 1111114527 Β, 111. 311.
1111117093,11111 Β, p. pf. 1111

5464 Β, 7111111111 2516, 3448,
5624 BD.

111111111111111111111, 111111 h.

1111111, 1111111, 1111. 11111111, 3589,

11111111,11111111, 1111111111, p.
16111111 762, 3902, 4525, 7490,
8526, 1111111111 1126.

11111111 3399, 3497, 36255736, 5919,
11111111 6235, 11131. 8611111,
0111111. 111117, das verbum 111
11111111111 11250.

11111111, 1111111, 115111, 111111366694,
1 duel 11 1111. 4819, 4842.

1111111, 11. 4359, 9341, 10398, 116.

11111111, 1111113 2465 Β.

111111111111111111111, nich pan-
1111 1365, 8582, 8615, 8696,
10040.

11111111111111111, 1099, 2078, 5590.

111111, 111111719310231, 11111111
de 111111 3523 Β.

berbena, adj. 7328.

hethei, 111111 7426.

1111111161111111111111 36 ; 11111111
1111111131 601.

1111111, adj. 621, 5234, 6207.

11111111, »1111111 templi 6111111111
619 D.

1111111, 1163111111,411111111111111
10463 ; 11131. 0111 Wb.' 11340.

hermia, adj. h. pelichon 2980, 3379,
11111111 3584,

1111111111, sich 11111111 6674.

1111111111, 11111111 57648, 1111111,
61111116898.

11111111,»1111111,111111111111« 10445,
11131. 61111111] 4, 480.

1111111, 1111611111 2606.

1111111, prendre 11111111, 11111
durch iiberlisbung 111 11111 11111111
6306 Β, 11111. 1111111111 4, 496.

111111, nom. 1111111 12090, 3633,

 

