566

7336, 10769, 10131. 6610101, ,4101 10011, 3130303101310, 1381, 2529,
zu 3126. pl. issent 1424, 3449, 3844, 5243,
1016010, 101001000003 7569 D. 0001. 3 03. 1000 8274, fut„ 8 03.
101601,101001001001011001003816, intera 1162, 7607, istra 5156 Ι).
10131.6010101,1)101100.1101011001· pl. 101010016010, perf. 303. ini
der 006 80601101 4, 511. 2493, pl. 11011001 1192, 6896,
10101001, 1001110101000000101100 imperf. conj. 3 03. 101101 345, 00-
8907. perat. 1 pl. 100000 3420, p. 3160.
1100010οι, obl. pL, 6101001. 100 1000017570111000 2498, Μ,
100000. 16110001101010 8079. 4134, issi 5025, 7615, fem. 10000

10, 30001101 1333, 1650, 3068, 3617, 631.

5282, 6290 , 010000 110 2496, 3429,
4629, 5665, 6701, 7138. 100010, 3000110 10435 BD.

100101, 00110100, 1111οι00 6198, 4177, 10001001 1459, 2744, 3458, 3646,
4955, 5798, 6902, 0001 jem. 10100 5089, 5779, 10131. Dia Wb.⁸ 1
9709, 9867. 208.

1000, 11110, 30001101 2659, 010000 101 = je 10 402.

106110 11111, 1011. 1061, zu· 101001, 100100 5627, 7970, a 0100
101009791, 10389, tr. 10746. 10000 ki 1000316 a 0000 7370,

101036, »10110060 5546. 1110017581.

10101010 39, *9598 10067, 10131. 1010610, 010. 0113101100 3172, 1131.
3000000011, 100010101100 409, 10101, 61011 10525, 0010011 10551.
1100016000101101, ι. 367006 10101010,11οο01000101113003 1526.
Α ymeri 60 Narbonae, 0. 268. 1011, 11. 236, 492, 5587, 8229,11592;

101101, h. 000 6011 0 non 60014995, 000 1010 1010 3976.

7003, 1101101100 6386. 100001010, »3101001000100600101100

100110, 300011013565, 5245, 6056. 6420.

1000101, 1100110000, 10600100 671,

laus 111100) 4396. 11119.

1010010, fem. conj. 6680. 101001, 103000110114442.

10100101 171. 100101, 11. 00000000100300 (vom ³

10110 = 1011147110111110111, 4718 10010003101) 5859, 7822, 00101.
0100101. 10010 2924, 5808.

1060, 6001011100 6537, 10791. 1001010, 011. 1001001, 1000001610ρί0 ¹

11301 (aequalem) 2916. 7289. ³

11010110, p. pf. 110000 1342, 4142, 10031010 2247, 3457, 10031001 10, 1
4612, 6961. 606 , 10131. 6011101, Elio 60 0 ·

116 (iratum) 3298, 5557, 5908. Gillo 10 1674.
1101030, 011001011 106, 010000 11016 101000101 6540.

4056, 9229, 10961. 101000, 00101. 0011061, 0101011113, ⁴
11101, abs. 6443. *74, 155, 200, 361, 4456, 6615, ³

11010, adj. 51, 10131. 11610101, 11101 8367,10131.6610101,110100132 y

zu 6321. 1010011101001010) 4014 011, estre
1101, 0010 4608, 5613. 601. 6615.
1000103100 747, 3537. 1010010, (juventa) 300, 1224, 9506.

 

