552

661166161, 11. 1166611616611 8301.

6611611, 11116166 4801, 5009, 7020,
7372, *7620 9399; mal 6611611
6316; 66116 11499; 161613616161,
1116111157 und G. Paris, Ro·
116116. XVIII 471.

661 = 66 Ia 2314, 5553.

6611161611, 161113 6657.

6616161, 1611616111 5709; pris. 3 sg.
116. 661616 642.

6611661116. 5772, 5831, 5968.

(161116 (delicatum) 1083, 7186, 661-
61638736663161501,7181,11116;
1611661316 6338, 6707 ; 16131. 861-
6161, 0116161. zu 511 1116116161·-
11116116,016111111111 6. 275.

661166, adj. 1611.111111022; vergl.
Godefroy 2, 181.

66111, 1161111611, 1611116361 5602,
5991.

6611111661, 66611666 11117.

66161, 66116 6., 6616 161111,1 8231).

demaine, adj. 6111612612, 61661.
1666166611 8021, 9369, 11537;
daher demaigne‚ 6661113835.

6611616616. qu.. 1666 jem. fragen
5179.

6611611616, 661. 611661 616116 3105,
4516, 7416.

dementer. 1611. 116361161111611 272,
2732, 8110.

661161451, 5185, 6257; vergI. 161-
6161, 661616116111 5769.

demorer, 1111. 3 sg. 66116111 128,
6143, 261. 661161166 6187 ; 11
6611611616 769; 6611611615226 Α.

6611611661, 1611611116 5392.

661166, »16 161611 d'un 661161(
285, 5132, 6841; 1666161111161
1376 DE; 161318616161, 11161111
766.

5010 ; 61611 1161161 292, 11582;
611661666163617133ς 61166661661
(1611611616) 1353, (161 61161
6616111611) 7628; 6616166661
10270,

6666611161, 1616166161116695, 661-
1116161 8481.

666611, 1111116116 4230; verb. 66-
1161161666. 11531 D.

derver, von 611161 66115852, 616
6616 8109.

66116116, 6111166111611 12.

des, prIIp. 616 zu 1525, 7112.

6666616161, 1611. (116 611161 11611161
1107 ΒΙ); 16131116111161161, Oc·
161161 11 1135. ,

66661611161, 6166611661161 beben ¹
8791 D.

66661611, 6. (16 qe„ 6116166666 66
1616619020.

66611161, 11. 161661616116 1561611,
6116 dem 6611611166615885,8791 3
vergl. 9616161, zeitschrift 1111
61161. (1111666161 1871, 6. 150. ’

66611111, 1611611161 254 Β, 2516,
616(6161616166616,11166.

666666161611661, 1161111111 4020 Β.

666616166161, 166. sich 66116661 776;
661161

66661616661116111, 1666111611 1896, ³

6600.
6666616161611161361166 1817; 611-
161661, 16111661619726, 10750.
6666166161, 166. aus 6111611 161-
6166116 (6111616611) herausgehen
7031 D.
66666616, 6111666611 5519.
66666116166166363.6666661119216.
66616116, 6636161611 11170.
666661616, perf, 6 66666161 5326;
11. 66111161161161 6611.

6611, 1. 11. 4995;1611.5945 D; 66 6666616161,»616116661616ι119ῑ17219

6616 10403.
666616,1611166611 11100.
6666161666.61661161661661161222,

6666111161 58801 66661616161682ος
161318616161, 8116 66 ι. 111116 ³

zu 1038.

 

