582

11016101,11140. 1031011011 776, 14100 (1430010) 2653, 10304 166,
0011 1357, 0010 3709, 5415, 6040, '⁵ 171, 199, 853, 2803, 8922, 9190,
cnidio 1496, 2070, 7461, 10131. 10131. (ilaris, 4. 824 010825.
11004464, Germania VIII 220,

1614141, 004141.,.4.01110001141
40 509.

1101014100, 0100011011ρο 401 11110140
2634, 10131. 1014101, Aioi 10

quire, kochan, 0401100 9644.

quisine, 110000 8404.

1101410101, 11000 7743.

quiin, (10111, 1101 334, 3178, 11183,
10131. Romania VIII 448 und
XV 144.

1101110101, 0411011340 691, 9990,
14131. 8610101, 004141. 40 4905
11011111. 040114101411 1876, N. 1,
0114110 22.

34041414, 4030114011, 1043404011
9335.

1404110001,41160003 2261 Β.

1400040141,1111101016000518010549.

14001640, 1010600003 10916.

14001641, aba. 4100 4044601100 4262,
5441 Β.

1400401, p. 11110. 10014140014,
4116401 2738 B, 3635, 8263, 8766,
9661,10190,10606,101401401558,
10131. 1614101, 4101 40 5915.

144011111, 0111004040111010 101-
44000 5641.

14400000,160430111 4130.

1414140101 (7) (0441114111410), 111601-
111100 1243 A.

14110101, tr. 0010411300 3883.
10101, 110000 1529, 1548, 3593,
10000100,10011010 3852, 4270.
1410, 401, 111013 883, 5935, 6437,

6747.

14100 (101104) 2625 4, 10131. 80-
00141, Β4400400110017, 10404
42734330,01400.2661,2902,4640,
4708, 5888, 6017, 6436.

14100 (10000) 7856.

14104041, 11101001 111013 2469.

14140101, 0111440011 3472.

14101, pria. 3 03. ind. 1014 2020,
3001, 5747, pl. 1010013291, 101·

110141. pI. 10114 4960.
141140004, 0001400001 4691.
141101, 1410101 5682, pras. 3 43. 14-
114 3752, 7125, pI. 14110016571,
p. 11011. 1011143877.
1404, 01130041040101000011 10553
14100001, 111143 03. conj. 1404101 ¹

147.

1404010100, 10536, 0110110001). ¹

perf. 14010010 1069.
1401141, 304114134 9444. 1
iamper, kriechen , 1. 401001 9935, I

4011000041 rampant 8788, 14140

0011010101300 11097. “
1401100001, 1403104041, 4001011140

1464, 5419, 5435.

1400010, 1011411003, 40001014 1527.
tandit, 34103101408674 Β.
1401100, 0411130411, 0034410111, 00111

1101. 1414, 10011 ,10130401 dar.

4307, 4561.

10010044, 0110, de r. 5427, 6810,

10137, 11201.

1401101101, 01100, 100000 1436, 3007,

5746 1. menn 7218.

1411410101, wider 041001340 5918.
141101, das 4011011101οη 4770.
1411103141, (30300 111401) 40010000

3204.

1410101, 106. 010044100001141148000 ,

9813.

1444000000, 101440010030011 5

10006.

1440011, p. 11011. 1001401405442. j

14441, bianum rande 101100 11541,

p. parf. 1400, 014 1001140110 1011
735 .

 

