324

52. 11111111 30. 111111111130.
nagal Christi 53. 1111111111 53.
Ρ111 1111111111 53. Philomela
88. Polyoarp 88. Ρ111111111180.
schussel 111 fullwnsohnng 87 f.
Simeon 73. 261. Stephanus 87.
Thomas 88. 81111130. 11111111-
dign 1111111 30. 53. 185. 292.
1111111129.

11111 1. 1111111311 57.

1111111111111 49.

Rhodus (11111 111111) 78. 84-91.
91122278.

11111111 1151111111 92. 95 f.

11111111. 81111111 116. 271.

Roget 1. 81111111 77.

Roha 192.

85111111711111. 111. 10.

1111111 71.

Rom XI. 6. 38. 401. 53. 56. 591.
71. 175. 179. 2412141. 278 8.
290.

1111111118, Hieronymus 1. 63.

- 11111 1163.

11111111 238.

roias 111111 198. 207. 214 ff. 227.

1111111,Μ11111 175. 304.

11111111180.

1111111131.

3111111311, 8111. 176.

81111113, 1111. 66.

81111, dor hl. 131.

s. 8111 (11118111) 1311. 164. 186.

Sabashiroho in Alexandrian 243.

811111111111 115 f.

Sacis, Joh. 68.

8111111100. 124. 134. 294.

Salamis 94.

811111 91.

Salomon garten 150. 185.

- haicho 150. 1851. 188.

Samaria 1. 811111111111 1461. 1498.
139. 191.

Samson 1901.

8111111, prophet 111 8.

-11111188 ·

811111 v. 81111111 116. 271.

8111111111 38.

santoni, heiliga 1111111111111 247.

Sapientia, 11111 255.

81111111 263.

811111 1111111111 212.

81111198.

81111176.

8111111153.

811111156. 59.

1111111 11 111111 232.

8111111 Siva 192. 244.

8111111111, dragoman 240.

81111111111166. 120.

thnumburg, Hainr. 1. 180187.
207. 249.

8111111, Sigism. 179 1.

81111111,111111 131. 285.

1111111311 11 111 111111 196.

Schmiodsbarg. 11111111 65.

8111111111 43.

11111111 11 Alexandrian 242.

81111111 14 ff. 57. 64. 179.

81111111 259.

8111111111, Apol 1. 62. 122. 11·
1111111 v. 641. 811111 1. 64.

81111111 231. 235 11.

8111, baduinenhauptling 198

Sspp xvi. 7. 109.

811111, berg 199 1.

1111111111 211 f.

Soybolhdors, 1111111. 1. 811111. 1.

8111111 299.
Siohingen, Joh. v. 67.
Sigismnnd v. Brandanbnrg 32 15.

- 1. Burgund 53.
- 1. 011111111 33 8.
8111 109. 1118.

8111111 138.

Simeon, 111 hl. 13. 260.

Simons 111 1111111311 haus 183.
Simone dos gorbors 11111 101.

 

