575

11111 393, 28851 vergi. 9511111, 11111, 11 1111111 11111111 Ι16849,
1111 11401 111111 1206, 1585. 111111 1111111 *854.
1111(111111)82,101,3612,1111.11- 11111,1111.211.111111 10239, 3
1113191, 8478. 11111 6551.
1111111111111111111116 11111111 nuisement, 11111611 4964.
1111111111 1111111111111111111, 111111, 1111 1111113976.
11111. 1111111111111 3111111111117, 111, 1111111 11111 1362, 37571 vergi.
11 287. v 9111,(111111111111111429.41111·
111, 1111, 1111111, 11111563, 52171 man. Studien V, 416 fg.
11111 1433 D, 5353111 111111
4017. O (1111), 111 111 67, 11111111
11 = 111111 1049 und 11111. 5955.
nobilita, 11111111 6952. 1 (apud) 19, 34, 38, 571 11131111-
111111 = nobile 1018. 1111, Aioi 11 334.
11111116 6954. 11111111, pras. 1 eg. ind. 11115829
111111,111111111112212,11111118111 Β, 3 ochii 163461 conj. 8 111.
vergi. 11111111, 1611111111 zu 111111 111151 111. 3 ug. 11111111
8819. 6594, 1 pl. 1111111111 5164, 3
1111 = 11111, 1111111111111 111111- 1111111111 98811 1111311111111
111111111111244216111111616, 1392, 36041 pl. 1111111111 163371
11111111 1111111111 2877, 61961), 11111111. conj. 11111111111 2934,
10878. · 11111111111111111111111.ρ1.1111111
11111 (necare) 1564. 10674, 118691 p. perf. 11111103,
11111 (negare) 4441. 3608, iem. 1111111 38131 p. 1111.
1111, nom. 1111, 1689, 6250, 10107. 11111111 3668, 8733.
11111111111111111116367. 1111111, 1111116113 4724, 10068,
1111111111 65, 361 1111111 111111, 10778, 111181 1111111 11111111
6278 Β. 4207, 11111111 5394.

1111111, 1111111 3843, 4931. 1111111, 1111111111119226.
1111111111), avoir 1. 4630, 5118 111 (oculum), 1446,1111.111.11175,
Β, 7552, 11111 1 1. 47131 vergi, 246.

14111111, Ζ11111111111161111111- 111, das 311111 24861 1111111 6340,
111111111111111111 2511 111. 71621111111180861).
dieu 68741 11111 pand n. (11 11111111 338, 345, 922, 1163.
11111111 6962. 111 (audire) 1064, prii. 1 ug. ind.
1111111, 1111111111 * 923. oi 817, 2 11 2184, 3 11 219, 254,
1111, obl. 111111 11183, 11199 Β. 4626, 6036, 211. 111944681811
1111111111111111111111111111111111 2199, 3004, 6688, 6980, 8361,
11182. ’ 1111111108,11168, 1111. 811.
11111,11.111.1111,1111111111111 11829. 111 114581 111. 213. 11111 8453,
111111,1111111111111 4535, 74461 81111 1159, 8465, 9111. 11111
11111113697, 160761 vergi. 161- 302, 4982, 7030, 984611111142,
ster, 2111111111111115111116111- 3926, 3 11111198781 1111111. 3
1111111874,1.142. ug. 111111 71661 peri. 111. 11
11111111111, 11111611 1759. 1969, 5058, 6948, 31111761922,

 

