500

sind Gui von Burgund, Yve von Β88818, deenen 188188 11818881
881 188 1888188 1188181881. 188818 8811 8181 8188 888 11881811
11188, 88181 Κ881, 1888 188811818188 881188 1881188. Η188881
8181 Α88818 888 181818 genn-ent (1 bie 143).

Neeh 1881818888 88118111 Κ881 Δ188818 88818818 8818 8811-
8811188 881 8111118 1888 8818 8188888 8818881 8111881888818-
888, 88 werde bei vorweisung dieses zeiehens von 88118 881888, 118
8188818, gesendten 118 18 jeder 88111888 88 11118 hominen. Nneh
diesem 88888888188 88181 8181 Kerl 811 881888 1888888888 Frank-
881811818888888, 1188818 8188 mit 881888 881888881881118181
888 St. Fagon, 8811881888 ihm 8188118188888888181, zur stadt ¹
norngane (144 18 888).

Wdhrend hier der junge 18181811888818888888888181181888881,
1881118181 8818 881188188 118881 nach 088181888888818888811888 ¹

1881188 181188, 188 88 88188 nene 8881811888181 Aeneis, 1188188888 1

1181118181188881118818188 181, 1811118111. Das junge 8118188
111181 188 88188, 118 Α88818 888 88881188 881888 188 88188 ver-
88181 118 jedoeh eine 881818 888881888; 118 1881188 881881811181
8181 8818881, 818 nette 811 ihrer bitte nur einen 881888 macheu
wellen. Reum 181 ’118881 88 188818 wider 8881818818181, 818 Rni-
8881 1888188888 1818188 8111, 8181 8881 81888 18881888888188.
118881 weiss ihm eine 881818 88818811 88 888188; 88 181 188 die
881188 1881188 188 1818188 118881118 18888118 188 888888. 188818 181
88888 188811 (18811888 (1888 88 181111 118 junge 1888) 888 1888 88 3
nehmen‚ 88188 188 181188888 8881181181, dees 818 8181 188188 husen
wird3 118888 881 11818881 881188 1181188811188881888888818188.
Ver der 8188188 111181 118881 188 181818 1818188118, 881881881188
18 881888 8188888181188 88111888 881 118 118 88181188811888 nn·
befleekten 88188 88 888888, 8888118818 88888 88 1188 8888881811
Die beiden nitier 8881818888 1188118888 881 18888888881088181888,
wo 818 die 88811 zahringen. Bei dieser 88188881811 8811181 Letise
von 881888 88188 188 888818 881888 88188 (201 118 192).

11888 18188 18188 88 88818188 1888 118888 881 11818881 118
81811 8881888881, 88 ihre 88188 188188881888, 8181881188 8818818188818188

88188818 81118811118 888181, 118 888881188888811181 188818888 ’

881888818888, 118 8181 88888 818888181111188, 88 hilfe zu hommen.
Der 181818 1818181 11888 111188 18188, 181811 8188 888888 81181888
18888 von 1188118888 881 881 188881 8881 0881881888, wo ihm nnn 1

 

