249

Ghil 166 66 6616661661666616 6166166;

seon Tant 166 6666616661, 1661666616 66166666.

1. 461 116666 1661 66 16 grant 166 quarm
1116 6666661, 66 66666666661666166,
N'i a 66616616, 1616166116611666.
La 16161116 6616616611666 66666666

6666 Et ki miens josto 61 ki miens 6661 666666.
Ρ6661 16 camp 66116616 6616166
La 66166166 16616 16666 666666;

8666616616 1 661 6661616 66166 6666666,
· Li 1666616 666166, 11 66666 6’6 66666.

666 11616 666616 116666 66 66666666,
1166661161 6 66 16666 traversam
L’anste 6 1666616, 11661616 6 6666166.
17611 11166666, 61 6 6616116666,

. 116 6666 6666 1661 666 josto 6166166;

666 Des 6666611666, 6’6 66166616 1666166.
66661 66 fierent 6666 cri 616666 16616
1166666 6 661666166666116666,

Rois 66661611 61616 66666,
Τ6616 66 16666 11 6166116 6116666ς

666 Bone 66116 brogne, quant n’est 66661666166;

86616 66116166 6 16 1666166 6666666,
16616 1666666 66166616 61661666,
(16661666 6 bien 6166616 josto 161666,
1166166 16116, 6’66 66166 grant 61666.

6666 A 16 6666666 6 grant 6661 66666,

ἡ

6801161611Β; 1666666 66166 61 61 1616 6666166 [866 66 6666661666 66 16
grant 166 6666666] D. 6802 6166 66666666616616 661 6666666 616681).
6808 16161101). 6805 6. mels 1661 66 16666 61 66 6666 0. 6806 666 16
66161116 1101). 6600 h. 1166661 Β. 6812 6661666661 1166616 161661
16666666666161 6666 66616616 6666666 D. 6813 66 16 66166 66666
Ρ66 6666161661 66 6 66 161 jurae D. 6814 666 66 66616 666616 66·
provee D. 6816 6. 666661661 161 6 66616666 8; 6. 6166661 6 666 66·
6666666 [gruna eops 66 666661 616616 666661666 1166666 166 166666 666
6666666666116666111. 6820 b. 66616 . . . 66661666 8; 1661 16 16...
66661116616166666 B. 8821 p. 661 1. 1. 66666 Α; p. 6 16 66666-
666 116 666166 0; 666666 D. 6824 666 6 joie 666666 BD.

 

