29

333 11313 333 131331 3’333 6333331333 313,
Aine jure 1133, 131 1331 3 33 13311113,
Ke 3133 33333311 33133 3133 3313313,
K’ele n'etiet 63 331 13 6313313.
A ehee perolee ee 13 333313313

313 633133 13 331 3 3331 grant 333333131
1331 133 rues 13 latere 133313
113313333 6331333133, 331313 331 311331313.
1333 3331 33133 33 13 313113 garnie,
Avel 13 3113 3313333113313333313.

1. eh 333 1313313 633333133 13 3313 333113

133313 13 133, ki 13 grene 31 33113;
11313313 331 313331 grant 13333313.
13331 31631331 et 1331 grant 13133313,
11331 33 333333 3331131313 13313.

333 16333333 1313 grene table drechie,
[13333113 331 3331 13 1333313313.
63331 331 333313, 133 113 13133 331 33313,
Ger de l'errer 13 13 gene 1333311113.
113 3333331333111 13 3 33 1333313,

333 Le lit 13 3311 1331333 grant 33131313
113 6333 63 3313, 11 33333 3313 633313
13 331 1 3333331 333 3331 grant seignori03
N’i 31 33363113 33 1331333 131313

Fors Ἰ· 3331 cierge, 633113 3133133 3311313,

665 3. 633333313 Β; 3331333 O. 666 d. 13 fil 331313 merie 611.
667 333313 . . 3313333 D. 669 p. 131 Β; p. vient 0; e 13331331 D.
676 g. 13333313 6; qui 13 3331 331 33. 3311 joie D. 671 331Β; 3.
3311336313131111. 672 1. 63 33313313 B; 1. qui 3331 1331313 6;
131311 D. 676 331 331333 B. 3313 33113 D. 6711311111). 675
313 8; 3. 333613 6; 33113 D. 6766313313 Β; 131311 D. 677 3. 13
grene 13 3313613 B. 3 13 33313 11 3313 3 33113333131331136ς313ι
331133 33 13 chevalerie D. 678 13111111. 679 31 quant 13 3333333
31 13331113 3331311. 681 3131 13 33 r. 3133113 3133113313 6; 131311
D. 682 3. 333 13 3313 333113 1133 113 333313316331 1133331333131).
6836. 31331333 6; d. 313313 1331 33111). 6843113 333 (1; e. 63
grant 3333333313 D. 685 113331 13 11133. 333 33131313 D. 68613
33333 .. 33116. Δ; 63331 .. 13313 6; 3. qui 31363331 63333313 D.
687 3313331 (molt) C. 6891. 33133331 ,1. 313313 3331333313 6; que
333 13331311.

 

