512

001101110111101 1011000 mite 101001, 10101. G. Paris, 111010 00110
101010100001110110101010101000110100100, 0. 24110 27 011
1101101, 10011001. 11010100, 0. 28, 001010 001101101101 1101110·
101111011101011001111111, 10101. 1010115, 200, 212, 361, 934,
1099, 0615.

17 0100000 0111010 1010100111011111101111 „ct‘ 110001100
subjcktc.

85 Vestu ist 0100111101 10 01010101.

88 por 00011101, tiber 101 irc altfr. 1101111011 1100110011 gc-
110101 100 inf. act. 111110001101101011010101019οο1001, 11101ιο10
10 3954, 011 01011010 520.

95 110010011Βο 0111001000.

98 1100 mich B: 101010111θο 01 0010101000.

100 100001 1101001111 101 Β 111 D.

106110108, 11001001 100 numerus kommt in 01001001 00-
110110 11011101 1110110 101, wic 11010100101010101129401111295,
10101. 101110101011010 1024.

119 ’1011 110, 10000110 0011000010 11101101, 011110101010001- ’

jekt, wc 1011 10110101110111001110110110 1011001101, 0101 010
conjunctior „bis“; 101100111111) spricht tiir 0101010 0011000000.

122 00110 . . . 10 10 10111 10 50, 1101110 construction 101
,001101ιι 11 101 101001110 ,0101 11101“ 10101. 90010101, 11101 10 233,
1101100 pronomen 10111 1110010111 10101. Το1101, 01111. 001. 1111.
1872, s. 895.

125 1011010, 00111101 1100100.

120 1010101010 101110111110101111 001100011, 110110111010.
00110001] 101 01010110 10101. 11010101, 01010110223, 10101. v.
165, 385.

133 li vesquc; 10101. 1000001 1010 215, 1010111010101, Aioi,
(11000010. 607.

144 100001 00110111 1101100 1101100, 010000 im 00000 011.
z. B. 2633 Κο110 110110, 10101. 80011101, 2011001110111 rom. Philcl.
IV, 404 011 11000010, zeitschrift tiir 101011010110010 0111100101 ;
1880, 0, 195.

140 1100101, 110110100101001101 101 1011011101 pronomina
00101111110101. 30010101, zeitschrift 1111101. 0011000101 1875,
0. 543, Ulbrich, 201001111111110110οΡ11101. ΠΙ. 0. 294, Ε101100,
10001101 V, 328, 010110, 0. 853, 0, 1.

 

