539

10111161 able bohandlung, 111111 311111117712; 11111111.111.11161

1. 4131 Ε. 107671 p. 11111. 11111131510751.

111111111, 1111111111111111205118. 1111111111, 1101111111 7511.

101111, 1111011111 2161, 1278, 0915.

1011111110, 0011110111 31031 11111. 711111, 111., 1111111111 3300, 6928,
1111115111. 7511, 11030.

101111, 11. 1. 111111, 1010111111111 tabor, 111111 3252, 101001 1. 5188.
2080, 37211 111110111111111101111 1111101111, 1101111111,11111111 3813,
7529. 1171.

11111111, 111111, 111011111111111111- 1111101111, 11110 2532, 10008.
1111111 7159. 1111011,11)1. 11111111 2951, 53771

101 fem. 10115128 Β. 1111111. 111111 2983, 3292, 3760,

10001111, 101111 3671. 7307, fem. 111110 695.

1001101111, 1111111111 2160, 2701, 11111, 011111111111011 heim achilde
3621, 5733, 57851 0111111011111 1110, 2939, 3583, 7851, 10309.
und 1111001111 11111. 3011111, 11111 (111111),111.1111.111,1111
1101 zu 2118, 1011111, 2111111110 7151 perf. Sug. 101119, pl. 1111-
1111 1011111111311101011111028. 1111 (= 101111) 661 p. perf, 1111

1101110111, 1111110111 10013. 5312 Ι), 9577.

1001111011, 11111110111, 111111- 111111111111111111110.

1111111 p. 11011. 10011111 8210, 1111111, 1101101111 11111111 0512, 3535,
11111001111170901 11111 10011111 7187.
de vivre 7587. 1101, ne 11011110111, 1101011101

1101110101,10111112318, 3613, 5387, 11111111 1156, 5027, 80901 pron.
6500 Β. 10 1111718, *7590 und 111111

1111111111, 101111 1011110111, 11110111 0111 0111111111101011ος und 000-
0251, 71281 111111. 00011101 1011111 1302, 2102, 1221, 6913,
7, 555. 88871 1.101,10 11111111, 1111

1001111,1101111120511 11 0111111111 dem 0111010111109, 7913, 11111-
110111011 10 1. 111275, mit dom 101. »bin«

100111, sem. 101111, 111 110111 1813, 62881 11 1101 1111 (11011 11821
5635111111.1“011111,1111105785. por 1., um diesen 111111 9116,

1011111, 11110, 1111011111111110 97221 109891 11111 1101 dis,
2863, 3553, 5219, 7252, 7667. 100111111011111 11117550.

11011111, 1010111 11111111 1111111 11111130, en 11 101111118074.
2122. 111111, 11111 01101111 3718.

10111111, adj. 5502, 10011111 Ι1786. 1111111, 11011019515090.

1011111101,11101101111111111111011 1111, estro 111110, 011111 1111111111
1916. 1101111 12631 1111111111. 65591

101111, 11111, 11111. 3 1111111101 11.,1011111 10290, 10680.
2602, 1101 3588, 5892, 6831, 7861, 111, munch, 11 1111111111 3093, 5209,
10801, pl. 1111112576, 3272, 1326, 5713, 7100, 71011 fem 1111 296,
5705, 7207 ; 111113 ng. 10111303 09011 111 1111 3029, 11 1 1111
11111 5027 D, 1111130031 111. (10161 (1111111101) 7067, 11111110
lug. 1111118000, pl. 1111117783, 111 12151 11111. 1011111, Germ.

 

