81

8111113111, 1118111111 81 [11111111’, wolfgangus 81 Β111-
11111, «Iohannes de Drat²‚ Johannes 81 1111111111, 1181111111
8111111111, 11111111 81 81111111. Tertio de 8111111 11 8111111
dominelli 1181111111 (11111811 81 Κ1111111111, ,Iohannes Auf-

ὕ

»11111 1111111111 er, 8111 (111111 111111 1111 1111111118, einen 111
11118111 11111111,11181.«

11181111181111111111. 111111· 111111 111 181111 11111111111111
1811111111 1111111111111118111111111, 811 11111 8111 11111 war,
welche 1111111111 111111 11111111111811111111 8111111118 811111111111,
dem 1111111111 Philipp, 811 1111111111 vom 4 8111. 1501 11111181
11111111,11111118111111 1181111181 811 111 1118111111111111111111111
1111111111 11111111 und 111 811 ihm 11111111111111 1111 111111 111111-
1111111 11111 1111 111111111811111811111111811111 1111111811 1111181.
11181111. a. 1. 211111 81111111118111111111 1111111 111 1111111
11111111 1111111111 finden. 3 111111111111 varein 11118118111
1111Ρ1111111 11811111 11118111 1111111111111111111 um 8111111
1480 1111111111111111111111111111111 111111181111 111111, 1181111
bedu 111111 148811111111. 1484 111111118111 1111111111 81111-
11111, 14881181111111118 1481 111 1111111. 1494 1111111111 11 1111
111111111111111 111181111111. Τ18111111 1111111111 1111181, 811·
rinch 8111111111. 11311111811598. 11, 208. 41111111 [1111111 111
11111111, 111 1111111111111, 111111118111111,1111111311111111, 11111111
1111118, 111111 1111111 81111111181113 1111111 1111111 11111111111 111118 811
1111111 1111111111 11811111111. Er 11118 111 811 1111311111 111
1111111 11 11111111111111111111111, war 111 8111 8111111111 11111111,
111 1111111111811111 811 8111111111111111, in 811111111111111111811111,
111 811111 1488 11111 8111111 113, und 1111111118 81181111111118111.
11111 1111 8111 111111111111111 11111111111111111111118113111, 1118
duh von 1111118111 1111111 1111111111, 111111111 8111111111111111 1111111
ruho, 11118 11111111111111 1111111 111111111111111111 1181111111 811·
halb 811 11111111111 1111. 111 11111 1511. 8111181118-111111 1841.
1 Β11111811111111, 0111111118, 111. 418 finde 111 11111111 111111 811111
1111111, 11111111 811 1111 11111 mit 111111118111181111111 1111 11111111,
1111818111-1111111 114 8111111 111 es 8111111 111111181111111811·
1111. 111 1111118111 111 zum 1111 81111111111111 111 1111111 1118111
1111111111 11118, 811111 11 11111111 1111111 beiden 1111111 811111 nameus
11111, welche 8111 1111111111 Philipp von 81111111 111811 1111111111
1118111811111 11111181111. stium-naulo 1. a. 1. 6811811811-
mann, (1111111, 111. 120 81811 1111 111 111111 811111 1111111 1111111 111
stillim-Evado 1881. Ans 8111 8111113131111118111111111111 111 aber
111811 11111 1111111111, 1111181 1111111 811 1111111111 111111111111111111
1113111111, 11118 11111 11111111 11111 1111 111 1111111111 11111111111311
1111118111.

5*

 

