41

Ρ1666 16 61 suges, 66116 161 016161,
616111661161166, 6661 161· 661161,
En 16 6611 611661 61 161 1666161.

616 (1111 s‘on 16166, 61 1661 plus 6166161,
(1666166616 166 66616166 661161,
Κ’166 1616 1616 6 66111161 61 6 pen
Rois 661 6166661166, 61 16 6 666161661,
Κ61166, li 1616, 116 161166616661.

616 1161616161, 666161 prout 6 muer,
’11661666 1166616 li prout 6 666616161.
Le roi 6616661616611611 6 6666161,
Κ6 16111 6161666 6661 61666 pensor,
11166666 bien, 661 1666 6616 66661,

666 Κ6 6616116 166661616116161ς
116166 66661616 661661 6 666661.

01 16161616 66 11616116 666161,

De 661 6666611, 6611661 11 66111661.

Ε611’66666116661661161666 6 666661,
116 86 616 1 suit 6616 rien 611661,

Ki 1611116116 66116 66116161.

Rois sinagons n’i 1161 plus 66616161,
En 6166 661111 pour 66 161666 monstror.

2

967 116 970 161166 D. 967 [11661 16 61 gens 16 11661611616161
11616 11 6166111666 61 161 6666161661] B. 968611 1166116166 6661
vous 11666 661161 Β. 9696. non 6616611166 161 (1. 97916111 B.
971 1161661616 BCD; 6 portet 0. 97200111 1616 666616 6661166366 16
166161 ῦς 66111616611611 6 D; [1616 666616 6161 1611611161] Β; [Β1666
661 61 gons 666 hom 66111661 per] 803 1616 66. qui 16611611 61661
D. 973 6 garder c; qui 11661 esp. 66161 kl. 16 161 D. 971
16111 D. 975 prist B; lentando... prist 6. 976 11 6666166666
1161111611). 9771661661 (1611) Β; 66611. forment 6 6666161 D.
978 1166161111. 979 6611616616111; 16111 D. 98616111 D. 981
6. 16116616Β; 61116101 11.61661661); [61 dame dieu 6616616
6166161] Β; [61 6166 66 gleire 6611116666 6 reclamet 6666661161666
1166116161 61 16161] D. 6811661166661616. 16161 D. 983 666-
116611616666666661166116611). 981 6 66 1611 6 133 apenser 03
16616 66616616611 6611666 6 D. 985 161 11 6611 161 166 consol
1166116101 1. que 6161661 D. 986 quel 666 66661 66 16161611
61161616. 887 ni 6616166 6666161 D. 988 6661616.

 

