592

1161116661, 61161661161161311 , 111161-
6611161161, 61661161 6993, 10835.

1166316166, 1611111611 267.

11661161,11116111161111611 1611111161
6374, 6754, 9787.

1166161, 66116111, 1611111 2773, 6273,
7299, 7955, 1111661111 6273.

1161161161, 1111611161,11611161 3638,
4489, 5895 D.

1111616, 6 61 1. 6938, 16131. 11161,
Wb.' 11 445.

1111161, 116161, 11111131611 5191.

11116, 161611111161616 5415, 6330,
prendre 111166 7086.

1161 (1166) 826, 5129, 5150, 5153,
5966, 11616 3925.

11616, 6116116166114806.

1161661, 161111616111 4614, 616166

11616161617066, 10695.

1161161, 1161116 6384, 10524.

’ 1166116, 1. 61116 4951.

116161, 11666, 16116 61 161. 2313,
1765. .

1111161, 66116361,1161166161361111611)
2466, 9926 Β, 16131. 11161, Wb.³
11 447.

tu, 1161111 1113616111 *122

1161, 11116 7989 Α.

111161, 161161 10698.

96111616 »willare« 4493 A.

1116 (ostium) 5583 1), 6959.

11, pl.. *887‚ 3299, 3850, 4791, 6487.

16 (1111), 3616111611, 6111610384.

1661, 6116616116111111161 9404, 11.
11283.

11611, hunt, 3616161161175, 6611.
61 661 3116, 11111- und grauverk
212, 11595, revestit 116 1. 6166
3116 5584, 31611611111161 1412,
3665, 4761, 5103.

161 (161116), 11666. 2651, 3830, 5561,
7930, fem. 4843, 5635.

16116161,1116116111561111181301).

161611 (161616), ,11163131161111
707, 2955, 3106, 4364, pl. 161611,
16111611640, 3469, 3562, 4743,
661). 3 63. 161116 3949, 8343,
1111611661), 2 pl. 1616161166 6219,
fut. 363. 161165115, 6099, 661-
1111. 1611611 667, 3944, perf. 313.
16111 46, 1477, 2885, 5338, 6093,
6171, p. 6166. 16111611285111
16116611 (11. 1111661116) 11, 8144,
5041, 5338, 6923, perf. 1111117227.

16166, 11161 4222 Β (1611161161).

16116, worth 5818 D.

1611616116,161161., 61611 1611161
6593.

1666111611, 6111. 161661111113
7120 Β.

16661616116 (1616611616116) 1165.

16161161, 1111161161 4728.

16661, 36116101 6746, 9394.

161111, 161116, 36161111 220, 6701
3741,1611.161116(11666.16111)675.

1616661, 6116116116116113253.

1661, 1611613611, 1611116111 611,
964, 161111161166661411 Bc.

1616, 1111 dem 1611616116116111

1611116, 111661161161, nich 1161161
1797, 19131994, 111. 313. 161-
6616 2022, 1. 6161 qu. 6379.

16136616, 166116 1535.

16111, 3111 (161 den 61136161661)
5279.

16111, 6166. 3 63. conj. 116316 631
174, 448, pl. 116316116090, perf·
163. 1116 4964, 6126, 216111
815, 9783, 3 11113501, pl. 111·
1611 184, 111. 313. 16116137,
2 61.1611661360, 316116112598,
imperf. conj. 3 pl. 16111661169031
imperat. 63. 1161 11950, pl. 16161
7048, 16111 miens 13112191,
1553, 2825, 5714, 1661611161 4481
61 161 161114547.

1611661, 1111113161 11337.

 

