241

D’arme etde 5555 11 5 1515 (15555555555.
11515 15555515, mont 55 55 grant 555555155;

- 5555 ,Η5,(155,“ 015511, ,555 grant 6555555555155,
0555551511 5511555 nous fait 51 grant 5115555551
11515 55 jou puis, jou 55 55556551 5555555155
Jou 155 5 dieu 55 55555555 55 5555555155,
Κ’11 5555151555 5155 151 555515111555155.1

5555 9515555515 55 mont 15 5555 (151555,
05555 voit 555 homes metir 51 1515555555.
11155 5 0555115555 „Mout nous 55 5551555555;
01511 5515 5511555 5555 555155 trop vilment;
11515 55 jou puis, 555 6155 5551555555,

5555 11 va 5555555 555 1555555555555551“

f. 425 A 51555 5555155 5515 05555555 destant,
Le 55551 155555, ki li 5555 655555555;
1555555 5155555115, 511 55551555 5555.
Voit 15155515, (155 5555 155 5555551555

5555 115555 55151, 555 15555555 15 55555.
151555 5555 155555 155555 5155555555;
(15555 5555 55 flerent 55 55555 5 argent,
Les 515 5515515555 5511 55155 55 555555,
11515 11 15555555 155 65555 5555555555.

nmo Et 5511 55 15555551 555515555555555,
Κ55155555 11 555 155555 0555555,

Et 11 55551 5515555 55555555.

6589 55. (1551 55 55 55 5555555 Βς an. 555 poi 555 551555555 D.
6590 (il) 555555 grant 5555555555 B; 6555555555555 D. 6592 je 55
5551 6115151515 O. 6599 jou 555 5 dieu 55 promet 5555 151115555 BD.
6591565555555111). 6596 555 homo Α. 6597 5 55155 Β. 6598
n. 55555555 forment D. 6601 r. 555515 BD. 6609 b. 5155 esperone
(largent D. 6606 55555 15 15555 55 55515555 55551555 D. 6604
5111551555 55 55 targa 551555 BD. 6606 b. 5551565555555511.
6608 55 555155555 551155155555555555 Β; l. 5555 5555555 5 15 5555551
555555555 0; 55555 1155155555 55 15555 5555555555 D. 0610 151515 D.
6611 q. 5 551 555 155 5555 do 55555 garant [5555 11 55 15555555 51 55-
55155555555555 0511 555555555555 molt 6515555555555 15555551 jurent
555 51 555 5555151555 85 dex ne 1555 15 5555 5515555555 15 an. 55 155555
mes du 5155555 Dar 11 551. estoit de 1155 551555 ¹XXII. 5155 55515 55
555 555555 En 5515515 5555 555 555 155555 55 grant 1155515 551. de 51
1155 5556555555] D. 6612 151515 D.

555515 05 cartago. 16

 

