’666

Et 616666 armes 6116666 066161661661116.
66116666661666 grans 6166 66116,
Κ6 666666611, 66661 11 6166166166616,

666 116 6666666 6611 06 666 666666 garnie,
Si soit 1166611666 666 166166 6666161

f. 481) 0166 1666601166 61666 166 660666616,

En 66666661 6611, 6611 66611166 requis.
Et 66661 666666 666616 6661661616,

666 Soit li 11666616 0616 616116 garnie,
101 16 66166 6 666 .Π. 1166 petis
666 161666 666 066666 16 16616,
666 66606166116166666, 11 6666116,
Et 116616166611 6666166166 66116,

666 Si 6’66 16661 droit vers 0661666616.
11661666 6611666; 66 6611666 060666 mis,
Ja 66616 666 16666661 661661666 6666616.
116661 6666 66666 166 6611666 66166616
Et 06 16 6116166111 6666166 saillis

666 Et li 16666616 6666166 6116616
111661666166 6 ,7. 11666 6 616,
00661 6666666 666116 061 166616;
166 vous 6166661, ki 1166 661 16 6616.
1111 66 6666 666666 06 6611666 66661616,

666 11611611 1616666, 66 666661 n’i guencisi
Par 1666 666661, 66166 661 1666 gurim
1166 virent 16666, 166166 161 666666116.α

06661 11 6616 1ὀ1, 61 66 16 6616660166
6

7597 61 bons 61666666 06 pris B. 7601 161611 O. 7602 66661
6611661661 6666116 16 6666116 O. 7603 b. 666611116 ΒΟ; 666616 D.
7605161611 Δ. 7600 116661616166 Δ; 1616110. 7610 [666166 61666161 661
16616610166 garniz] 1). 7611 pules partis B. 7615 06 16 6116 gumiz
D. 7020 d. 61 jou Α ; 0.,[616666 66 Β; 666666 666 6661616 66101 611
11 661 666166 61661 . . . [1661116661 06 66661 661 661611 bis 111666
franceis 661 molt 6661 661666τί6 Or i 66666 66 16666 6661 66666116] D.
7621 6. 66 66166 mors ou 616 Β; por 1661 66666666 66666 1611 garis c;
66666166661 166 6166 666 jor 66111611116 066 06 666 61616 661 66666 61
36616 [1661 1 1666666 66 brana 066166 1661616 (166 166 666666 661666 66-
666116 11661 66 16666 06611 6 6661666616 Par 1666 666666 66 6666166616

66616] D.

 

