585

44444444, 54144144 2924, 6147, 4441. 44441, 144464 2444, 4726, 5544444114
6 ug. 444444412966, 41. 444444- 4746, menet 4. 10528 Β.
44412649, 2924, 8286, 4563, p. 4444144, 446. 41414 4454544 415, 454.
4441. 4444444 6749, 5848, 7824. 560, 9378, 4145 144444 10487.

4444444, 54144144, 2925, 4530, 5794, 4444414, 4414. 3 41. conj. revignent
6825. 6200, 141. 2 eg. 44444444 6504,

4444445144 *5546 11257. 4441. 6 eg. 444141 1294, 41. 44·

44414446444.--44414441444,4.1444444, 4144441 1449, 1746, 4. 4441. re·

4144144144 wider 4414454411577. 4444 10280.
444144ὼί44, 4415411444 8452. 44444444, 454. 141144 4557, 14. 5107 Β.
44444, 414144 4544 44144 (461144). 44444114, 4441411444ιι444 (444 414444
4444144144, 4444444144, 444444144, 44514441 9142, 444541145444

11445144 2616, 4427, 6688. 11622.

44444114, 454. 44464144141444 2542, 44444114, qu. de qe. 5584.

6501, 6530, aufopriugen 1563, 44414144, 44414644, 4414444544, 54·

9778,14.4441141414415442765,4845 444544 6831, 408², 6138. 6976.

Bc, 7164, 10277. 7362, 4444141444 10749.
44444444, 541144, 416445444141144 444411 (revictum), 1544111541 1866 D,

9049, 7516. 11847.

444411, 44144545 2267, 8347 D. 44441414, 141. 3 41. 44444444414784,

4444411144, 14. 4414144444 8598, 8607. 4795, 4414. 3 41. ind. 444441441

4444444144 6662, 3788, 4607, p. 4441. 941311.

4444444114 8895 11, 44441. 11644144, 415441, 1411445454 4458.

44141 44 974. 414414, 4414515444 873, 454444 41-
444144, 4414455414444 1165 Α. 44144 6954 4411 41444 7975.
44414444, 4114544 7554. 414464, 4411 2682 Α, 44441. 11144
44414414644, 444141414544, p. 4414. 775.ι 11 311, (14641444 7, 198.

4441441444418725, 10187, 44441. 4144 (ridere), 4414. 6 ag. ind. 411

444144141 10548, 10664. 5006, 6668, conj. 414 7179, 4441.
444144, 4414. 8 41. ind. 444441 10883. 3 ng. 414110662, 41. 4144415371,
4444144444, 4444151444 6022, 7628. 62774 6978·

4414444454, 4544454, 4414414 4689. 11464. 4414414144 6036, 7071.

temnit, im 4444441414 44441144 riui& (regulatum) 114884 vergi.

11038. 64141444 7, 193.

44144444, 4414. 8 ng. conj. 441441 445444, 451. 44 445444, (1145 6296.
62286569, 444644544,44414414444 mal, 141444 10414, 44441. (14414-
5437 Β. 1444 7, 213, 454444 4441444 5772.

44144144, 44445144 1762, 44411414- 446, 144444444, »14444 44444 de
414544 2986, 446. 4145 44411414- 6444144 44 144444 do 4444 44 (14
4141444 7910. 41444144 414444 44 54414444 6838,

4414411, 41141444, 44444 14 4. 4649, 441144 4464 9825, 444444 4464
7580. 85666, 10896.

4411444, 44414144141444 6566, 5896, 44614141141441446677,11414444451141
4441411441544 60428, 5284 Β, 10462.
6838 Β. 4444144, 4415 werden, 41414 roth

 

