599

4118111, 1. 11, 1. 28ος 11 Gou· (1111111,11811111111111111111111111
11111111111111111,1 228. 111111 10088, 11401.
(11111111111111111 13111111 1501.
(1111111111811111 8404; (11111111

1111111, 11111. 1181113 4042, 5800, (18111111111, 311111112429.

8048. (1111118, 6524 von Yvon 11 1111111
11111111 10819, 10400 von 811111 31111111

3111111111 (111111, 1111111111 provinz 8835,
811111, 11111111, 111 (1111 31181111 8912; adj. galisiois 8082.

4158. (11111111, 11111111, 1111111111 An-
11111111, 11111111, 8618, 8858; 111111111111111111111111111111111-

vergl. L. (1111111, 811111111111 1111111311111111 2880.

111111111111111 111, amin (rugan, 1114, rant im

1 Ν, 1. 248. 11111111 5254; 11131. 1411111111
Felix, 11111.1111134041,5300,1811; Narbonae, 1. 285.

11111 111 1111111111 3111113111 ge· 11111111 knappe (11114498.

11111111 8501. (11111111, 11111111, 8888;1181111111111
1111111111, 11111111, 111 8111111111 jungor 111111 10094, 10280.

11181111 2890. (1111111 40, 4550.
111111, 1111111118, von 1111111118 (1111111111 (1111111, 18111 im kampfe

gewdtet 4880. 4518.
1111118111, 11111. konig 10111. (11111111, 11181111111111111131-
11111111110342. 1111111 5822; Gaudia (11 Ρ1111
1111151111, 1111111111 1111111111891,1111

988, 5518, 5582. 01111111, 1811111111 111111, 111111
1111111141,2908,8050; 1113111111] 1111111111 8410, 8681.

do 01111111, (1111111 111111111- Gaudiano, 11111111111 1111811111-

111111. 1181111118111131111111111111181
811111111111111111110498,10581. meis 911, 1083, 1282.
1111111111, 11 11111111 1. 1258. (11111111111111111111111111,11111111
1111111, 11111111 1111111111 4805, 5036, 11111111 2582 ; 8111111 11811111,

im 3111131111 11111311 Brundi· von 1111111111 de 11111111 go·

111111. 1111112821; (1111111111 81111-
1111111111111111, 1111811111 ge· 1111, von 0111111111 ς11811119452ς

1811114118. (1111111 de 811111189οῑ (1111111
1111111111, 111111 in 81111111 9841. da 11111111, 31118111 10285.
1111111, 111111. 158910, 1111118. (111111, Gens 10444, (1111111 Β,
11111111 3129ς 8111111111 88, 59, (1111111111.

16; 11111111110, 5111, 82811 (11111111111111111111811110018.

.Ι. francor 8284 Β, 11131. 81111111, (111111 do 111111, 18111 1111111111

8111111111 11, 1. 418. 2588; Germ 11 Via-ne 9348,

1118111, 11111111, 10581. G. li 1111111 98201 (111111 do
li 1111, (111111111111 Fris, phry- 1111119841 111181181111111
311111 9295111111888881111131. 11131. 8111111 (11 Narbonae, 1.

81111111, 8111111111 11 408. 286.

 

