587

0110111001, 1010111101, meinung 554.

sambae, 110110 10 0110111 11110130
de 100110οι 632.

011011, 11101101 2885 BD, 3740, 3873,
44021 101010 5239 301), 72641
10131. 1010101, 2011101011 111
011011. (1110001100 1874, 0. 157.

10001, 1101100 5458.

1103101, (singularem), 01101 9511
10131. 201100111111111 roman. Phi·
10103101 149.

00113010, adj. 1110110111 10813.

00010, 3010031011110110011 9275.

1001100, 001010101 0011110101ιο 4046.

010101, 00111300 11504.

001110, 11000 35631 1000001111
3542.

1011100, 111001 0111 dem 10110110 101
1000001010 24201 100000110111
7413 Β.

1011010, 1000011111ἰὰ 6406.

01130, 001111. 10130, 5338 D.

011111, 00011. 0011113743.

101 102341 10131. 11100771). ³ 1100.

1101100, 00111101,101100, 00114675,
8549, 1720, 10912.

1001101, 0010000000111101000 10714.

10111, 301 0113000600 4720, 5166.

00111000, 1001119572.

1101,100001 (solidum) pl. 100.
0111000 10785.

1001101, 11001111 8692.

1011100100, 111111 83741 10131. 11010-
0100011, 100111. 1. 399.

0001001101, 11111. 9916.

000101, 11101 8 13; 0001. 01111604.

001011, 111110. 1 13. 11111111 339,

(0101111113) 33501 00111. 313. 101111
535, 3776, 54391 101. 1 0311101
1757, 4950, 6101, 6141, 200101
738, 3 1010 2371, 3361, 7886,
10570, 0011 3362 E (10131. 8000-
1000011, 100011.1. 399), 2 pl. 11100
399, 40801 0001111. 3 03. 101011
34571 11011. 3 03. 101 1452, 3132,
8121, pl. notent 2348 D, 31461
p. 11011. 0011 3893, 10853, fem.
10110 20981 101011, 11011οἰ01113363.

0010100001, 1111117016 Β.

1000110, 11011001 11111. 3 13. 1011.
100011 5646, 0001. 000010 562,
3800, 4670, 4863, 2111. 1000101
4023, 3 00001001 3773, 84601 101.
1 13. 00001101 176, 310101113403
Β, 8390, 84841 imperat. 13. 00001
4432, 7405, 8931, pl. 0000100 3345,
38021 11. 11011. 1000111 5434.

1001, 101110301101 1111019351.

10130101, 110110 oben 0110101, 0111 ’
0101111 00101100 1011011011 2544 Α,
3887, 38021 111010013001101111011-
00101100 4711, 1131101 10410.

0013111010 5760 Δ = 10100310118.

11130011 5016, 7899, 10111. 001300110
39771 10131. 1311101, 110100 21.

10101, 10112789, 3263,Ι 5171, 6975.

101011101,1011111100,11. 11011. 0010100,
0103010111 (00111) 4242, 5861,
3191, 8033.

101 = 11 10 (10 -- 11) 1924, 2218,
6008 Β, 31101 :si 106994, 7064.

001οο0, 111001). 2957, 11010. 42471
10131. zeitschrift 1111 1000011011
1011010310 1 504.

2152, 8003, 00103831), 3001 000111101110526.

1189, 4178, 64971 10131. 1010101,
14101 zu 1461 2111. 10100 4363,
3 001001 11 D, 2348, 3187, 6360,
0110013187 111 0001. 1 03. 1001
400, 3 0000 3812, 5125. 8146,
8147, 2 pl. 110100 3322, 00011011 011101 1372.

39901 imperf. ind. 2111. 111100 1013100111, 11.. 0. 11010 du 00113157.

0010001110, 0111011010, 0101011011,
11100. 1 13. ind. 1010000 3423,
0001οο 1421.

0100, 11103, 1010110313 6848.
10000110, 0. 01 1110110 34731 1000-

 

