466

11616616385, 1616616616389, 666616616781, 7521, levarent 6965,
65666616617062, donarent 7063, 1616161661 7734, 1666616166110420,
6116666166 932.

Futurum. 1 66. 6161616] 1847 66566 616616] 1945, 16616166
3427, terey 7477 66566 11166 2168, 40955, 6661615 3063, 3 66.
666116 1162, quirira 1900, 6611616 1982, 1985 66566 parire 3031,
mure 1339 66166 morire 2024, esurire 3397 66566 convenire 5490,
6666666616 7052, 161. 6666166 7783, 6666166 8823, metrone 3424,
2 pl. 611166 3629.

Conjunetivus imperf. 1 66. 1616666 61275, 3 66. 6166166166
10330, wahrsebeinlieh 666311 66666666168661161. γ
Imperativ 66. 666 161469, 66166 1567, 166 6111, 6116, aber
16666 8387, 6666117405, veni 11050, pl. 66166-66 4128, 66 ves
11616 7647, 16666116 7883, 6666616 (versebmelzungen 1611 dem 616

nomen)11069.

Pertieipium praesentis: valissat 11, 6616666 (gerundium) 11065,
perr. vesanit 65, 666666 609, entresmovues 612, 6661612341 (kann
aueh praesens sein), remensus 9583, 61116 10, 1047, 1566, 6185,
7344, defensos 3323, (1616611 3863, 16116 4278, 6661666 4328, 611111
4468, 11616 5377, 1666666 5848, 666611 5989, pineo 6254, 5666616
6956 66566 666661616108806, meldim 70905, 16163777, 16616 7719,
16116 8209, (1666661111 10838, 666661 11159.

Verbum 6666. Praesens lpl. neben sumo eueb soma 9375,
eonjunebiv 1 pl. 61665007, daher 1 66. 616 64155, 2 611 9313,
perf. 1 66. 16 729, 2 66. 1661 102, 3 66. 16157175, 10597, 16 88,
1045, 2633, 166 317, 666166611616166113 eg. 16666 6798, 8340, ,
1 pl. 16666166 8339. ¹

Verbum babere. Praesens 3 pl. em 3321, avent 3374, 5702, ¹
66167205 6663666111 1 66. 666 5912, 2 66. 6666 1771, 3 66. aee
4609; imperf. 1 66. 66666611266, 11501.

Verbum exire. Praesens 3 66. 16611006, 3 pl. 1666611014, 7
6666611693. “
Lerikalisehes.

Folgende wbrter 1611166 66611 eufzunebmen sein:
666161 (66616) 10373. 61166166, masa, 3002, 61166166
6666 (661) 748. sem, 9962.
61661166 (buiron) 3589, 1611166 6661616116) 2832, 666116 5872.
4313. 66666166 820.

 

