83

06001666 vot, 1016 6 1161 61611100616;
1116661, 1611616, ,161 pondu m'amistie!
8161116 11611616, ki 106116110 0161616

6010 De 1116161611, 10001 1161 6 101 611116,
061 miens 16011016 0161116 01611160616.1
Li 061000161 06 66011106 6161316,
En 6001160001 601161 single saci03
Li 1606 111611, 11 66 6601 6111601116

1011 1110111616 11611006, 61 0011601 6611161116, .
Κ6 16161 101601, 11111601 601660101116.
11616 101001 10001 61161 6111611111,
1101601 61 101606, s‘ont lor single 61161616;

1. 1461016 06 16 061 361616011611160616.
’ neo La 0001616 661 16006 61 grant marein,
Ke lor 3601 6001 611616 1611611161

ᾖ

2001 10161 6 16 B; 010110116 60111116 OD. 2008 616 1161006
6111. 20691161 0661161116111). 2010 1611110; 6. 6111616600116116
0. 20111611110100011611060116101606160161160611161). 2011
06 60 6601(11106) Β. 2013 1116016801). 2014 f. 6166 Β; 61001
1601 6611101116 D. 2015 (106 (16 01011006 66 600161611 0111601116 [1601061
1106660111 3160100161161116 00601 ,1. 1011116111 61 ,1. 1601661 1160616
Anne nuit (10601 11 10 6001116 Ρ61 quoi il 101601 forment 600116116
voit le 1661611166 06 16 6606 61160316 Ρο1 16 101016016 10161161161616
116660 11 1016 qui 60 dieu 06 0166066 01011 1616 10611000 16 6116 616-
00016 0011600111616006101016016 Qui molt 101 (16006 61 600161
6016016 1160111661 166 101166 60 XX. leus on 60 ,ΧΧΧΙ voit 16 ys. for·
10601660 66106016 0601016160166 0616111601 66 (16016016 Ρ61 101 (1161
11101 661 qui 60 0161 60116 Α 666116 1611611061οο 660 0016 1161160016
soit 6 .11. homes 66 6 ,XX 60 0 XXX. 116661 novient 16 016101 11160
01601116 11161 16611010601 bon 1016 00 1661166016 80166 6601060160
bois 00 60 66016 Mar (1616166 06 016 06 tormonte Li 1606 66161666 16
101016016 603161306 1101616. (1016016111 66610616 Li 00100161 01011 16
1606010116 8116 (116111 06 106 66106166 jn Oar 16 1610160160οΙ 1061 06
106 1610 Bone 661 16 061 61 monde 10611101 06 Ja por 101106016 316166
0666616 16016001 je 1101666 10 0016 garde 06116 La 0011 1166116666 61
160116 61 01616 Li 1606 6600166 16 161016016 06666 Li 106110161 plus 06
61616136 110 6001160001 16 61316 16111606 Li 1601 61 11611 10101611
1061 166 3016 Li 0161001610661 6001 6161316 En 06011601001 001 101
61316 1116616 111 160661 0611 61 601 1601 6611161116] D. 2018 v. 60 B;
fehlt D. 2010 60611601 61 pre 0; 660 166116016 pie D. 2080 0. 6
1161 16 6116 000616 D. . 2081 6.16006611611611160; 01161616161116Βο1).

68

 

