591

0001010 6256 31), t. 10 111010 11011,001100035771101000500100
9929, 61010010010011001100, 01)- 4395, 4545, 10 101111 010101 4918.
00011001 ρ.1)011.5100101116,001150 1101110110311011001110011 1989, 82251
3010101111447. 10131. 11110101, zeitschrift fiir
10111010, pont t, 111015110103713, 1101011. (1110000100 1374, s. 144,

4497. 1011101,Ζο110011111111111010001001ιο
101001, 11010111 3921, 5395. 211110103ἰο 11 628.
101οο1011001, 1100111 6617. 1101110, 1011111501 661, 988, 46981
10100101, 11100100 3906, 52421 1. obl. 1101101 1716 Ι), 1878 Δ.

010110 2518. 1101110110, 0011101100 3771, 89321 p.
1000101 (1), t. 00 10100 *3895 Δ (00001 perf. tramis 8242, 1001. 11001100

1011101 en 10100). 1680.
tondis, immor 5465, 7919, 81991 110101 69, 1101011, 0111110 71.

1000 (1101925631 10131. 1610101, 11010111101, (101100 19929.

Aioi 10 1794. 1101010010, 3001016111 3979.
10000011, 00111111 65471 10131.Ηο1113· 110101001, aba. 39491 11. quer 10300

brodi, Roman. Studien Ili 571. 6811,19554. ’
toulon. 0. 10100. tre, 1101, 00112811, 3959, 4465, 5997,
1001001, 0111100101 791, 10100177391 9729, pl· 3235, 3291.

vergi, 11610101, Aioi zu 167. 1101100101, 11. zu boden 1101100 3376,
100001, 1110110 47371 1011). 100001, 19669.

0011001011 11468, treoeor, betriiger 3255 A.·
tout, nom. pl.; dut. en 1, 2119, 110111, auu einenringen 10010110ῃά

dei t. 53991 on 001 110 t. 8695. 2386, 3699, 5946, fem. 1101110
1101010001, 10110111 4993, 79181 2538, 6397, 6797 Β, 71281 iem.

1101010100013. 11001100 (01000. 1100110) 4899 D.
11010, 101110, 003 35671 0051011003 1100010, 3101100 7599 Α.

5246. 1101101 (ε11ορ011), 11110 51331 10131.
110110, 1051011003 2496, 3386. 1101. 1110011101 10131301000100110
1101001, 0011101100, 00111ορ1100 389, 3151101501 IV, zu 1612.

5691, 69631 (101100 3375. 1100, adv. 00111, 3010110 2467, 4954,
110110 38611 111103 03. ind. 11011 52551 11001001, t. 000 0030 5341.

3471, pl. 1101001 583, 1487, 2579, 1101, 1111111. bis 3369, 100. . . 00

4261, 9529, 36931 conj. l pi. 1101· 4155, 5183, 56991 00 t. 41551 1100

000 4131, 191951 1013 03110110 puis 96451 1100 ke, 1110 16951100-

6965, 1 pl. 11011000 27351 perf. (1000 3129, 110011· 0 petit 4927,

303. 110101 2954, 4336, 1111101- 110011’0 un 00 57951 1100010

0011 85941 imperat. 1101 5576, 6766.

pl. 110110 8591, 92991 1111011, 11010101, endon 4357.

11011 3143, 3359, 64881 t. dolant 11000 (tredecim) 7859.

mutin 5258, 1. 0 3011000 4349, 110130101, (1010113000 101100169391

1. 0 301001 191951 00 1. 1010, 101311510101, 20110011111111110-

0101100 3030027121 11011 Ι101000 1000100110 Ρ1111010310 I 151.

4131, 1. qu. 11106965, 1. 011010, triopas, 1. de 10014917 31 quer·

00110100101100 8591. weg 7196.

 

